wuf20-01 1574 1 2 3 4 6 7 8 9 10 11 12 14 16 17 18 19 20
wuf20-010 1141 2 3 4 5 6 7 8 9 10 11 12 13 14 15 16 19 20
wuf20-0100 1173 1 2 3 4 5 8 9 11 12 13 14 15 16 19 20
wuf20-01000 1158 2 3 4 5 6 7 8 9 10 12 13 14 18 19
wuf20-0101 1368 1 2 3 6 8 9 10 11 12 13 14 15 17 19 20
wuf20-0102 1431 2 3 4 6 7 8 11 12 13 14 17 18 19
wuf20-0103 1087 3 4 5 6 8 9 10 11 12 13 14 15 16 18 19
wuf20-0104 1244 1 2 3 4 5 7 8 9 11 12 13 15 16 17 20
wuf20-0105 1139 2 3 4 5 6 8 9 10 11 12 13 15 17 18 20
wuf20-0106 1225 2 3 4 5 6 7 8 9 10 11 12 13 14 15 16 18 20
wuf20-0107 1188 2 3 4 7 8 9 10 12 13 15 17 18 19 20
wuf20-0108 1080 1 2 3 4 5 6 7 8 9 10 11 13 14 15 16 17 18 19 20
wuf20-0109 1178 1 2 3 7 9 10 11 14 18 19 20
wuf20-011 1113 1 2 3 4 5 6 7 11 12 13 14 16 17 18 19 20
wuf20-0110 1509 1 3 4 5 6 7 8 9 11 13 14 15 16 17 18 19
wuf20-0111 1082 1 2 3 4 5 7 9 11 12 13 15 16 17 19 20
wuf20-0112 1270 1 2 3 4 5 7 11 12 13 14 15 16 17 18 19
wuf20-0113 1179 3 4 6 7 8 9 10 11 14 15 16 17 18 19 20
wuf20-0114 1155 1 2 3 4 5 6 8 9 11 12 13 14 15 16 17 19 20
wuf20-0115 1270 1 2 3 4 5 7 9 10 11 14 16 17 18 20
wuf20-0116 1083 1 2 3 4 6 7 8 9 12 13 14 16 17 19
wuf20-0117 1160 4 5 6 7 8 10 11 12 13 14 15 16 17 18 19
wuf20-0118 1100 1 5 7 8 9 10 11 12 13 14 16 17 19 20
wuf20-0119 1281 2 4 5 6 7 8 10 11 12 13 14 15 16 17 18 19 20
wuf20-012 1128 1 2 3 4 6 9 12 13 14 15 19 20
wuf20-0120 1050 1 2 4 5 6 7 8 9 10 11 15 16 17 18
wuf20-0121 1153 1 3 4 6 7 8 9 10 11 12 13 15 16 17 18 19 20
wuf20-0122 1165 2 3 4 5 6 7 8 9 12 14 15 17 18 19 20
wuf20-0123 1095 1 2 3 4 5 7 8 9 10 12 13 14 15 16 17 18 20
wuf20-0124 1163 2 3 4 5 6 7 8 9 10 11 12 13 14 17 18 19
wuf20-0125 1084 1 2 3 4 5 6 7 8 10 11 12 13 14 16 17 18 19 20
wuf20-0126 1215 1 2 3 4 5 6 7 9 10 11 12 14 15 16 17 18 20
wuf20-0127 1342 1 2 3 5 8 9 10 11 12 13 14 15 17 20
wuf20-0128 1089 3 4 5 6 7 8 11 12 13 15 17 18 19 20
wuf20-0129 1656 1 3 4 6 7 8 9 10 12 17 18 19 20
wuf20-013 1321 1 2 3 4 5 7 8 9 12 14 15 17 18 20
wuf20-0130 1292 2 3 4 5 6 7 8 10 11 12 13 16 18
wuf20-0131 1174 1 2 3 4 5 7 8 9 11 12 14 15 16 17 18 19 20
wuf20-0132 1268 1 2 3 4 6 8 10 11 12 14 16 17 18 20
wuf20-0133 1069 1 3 4 5 6 7 9 10 11 12 13 14 15 16 17 18 19 20
wuf20-0134 1253 1 2 4 5 7 8 9 10 11 12 13 14 16 17 18
wuf20-0135 1291 2 3 4 6 7 8 9 12 13 14 16 18 19 20
wuf20-0136 1183 1 2 3 5 6 7 8 10 11 12 13 14 15 16 17 18 20
wuf20-0137 1240 4 5 8 9 10 12 14 16 17 18 19
wuf20-0138 1070 2 3 5 6 7 9 12 13 19 20
wuf20-0139 1393 3 5 6 7 9 10 11 12 13 15 16 17 18 19 20
wuf20-014 1221 1 2 3 4 5 6 8 10 11 12 13 14 15 17 18 19
wuf20-0140 1099 1 2 3 5 6 7 8 9 10 11 12 13 15 16 17 18 19 20
wuf20-0141 1286 1 5 6 7 9 11 12 13 14 15 16 17 19 20
wuf20-0142 1187 1 2 3 4 7 11 12 13 14 15 16 17 18 19 20
wuf20-0143 1298 2 3 4 5 6 7 8 10 11 12 14 15 16 17 18 19 20
wuf20-0144 1284 3 6 7 8 11 13 14 16 17 19
wuf20-0145 1206 1 2 3 4 6 7 8 9 11 13 14 15 18
wuf20-0146 1464 1 3 6 7 8 9 10 12 13 14 15 16 17 18 19
wuf20-0147 1220 1 2 3 6 7 8 10 11 12 13 16 17 19
wuf20-0148 1101 1 2 4 5 6 7 8 10 11 13 16 17 18 19 20
wuf20-0149 1464 1 2 4 5 6 8 9 12 13 14 15 16 17 18 20
wuf20-015 1371 1 2 4 5 8 9 10 11 13 14 15 18 19
wuf20-0150 1212 2 3 4 8 10 11 12 14 16 17 18 19 20
wuf20-0151 1336 1 2 3 4 6 7 8 9 10 11 12 13 15 16 17 18 20
wuf20-0152 1047 1 3 5 6 7 8 10 12 14 16 17
wuf20-0153 1295 2 3 6 7 8 9 10 11 13 14 15 17 18 19
wuf20-0154 1256 2 3 4 5 6 7 8 10 13 14 16 17 18 19 20
wuf20-0155 1118 1 2 3 4 5 6 8 9 10 11 13 14 15 16 18 20
wuf20-0156 1158 1 2 4 5 7 8 9 10 11 13 17 19 20
wuf20-0157 1453 2 3 6 7 8 9 10 11 12 15 16 17 19 20
wuf20-0158 1421 1 2 3 4 5 6 7 8 9 10 12 14 17 19 20
wuf20-0159 1213 1 2 4 6 8 9 10 11 12 13 14 15 16 17 19
wuf20-016 1237 1 2 3 4 7 8 9 10 11 12 13 14 15 18 20
wuf20-0160 1347 1 2 4 5 6 7 8 9 10 11 12 13 14 15 16 17 18 19 20
wuf20-0161 1365 1 2 3 4 5 6 8 9 10 11 12 13 14 15 16 20
wuf20-0162 1351 1 2 3 5 6 7 8 9 10 14 15 16 18 19 20
wuf20-0163 1298 2 3 4 5 6 7 8 9 10 11 12 13 14 15 16 18 19 20
wuf20-0164 1451 3 5 6 7 8 9 10 11 12 13 15 17 19 20
wuf20-0165 1183 1 2 3 4 5 8 10 11 12 13 14 15 17 18 19 20
wuf20-0166 1084 1 2 3 4 6 7 12 14 16 17 18 19 20
wuf20-0167 1383 1 2 4 5 6 7 8 9 10 11 13 14 15 16 18 19
wuf20-0168 1070 1 3 4 5 6 7 9 11 13 14 16 18 19
wuf20-0169 1267 2 4 5 6 7 8 9 10 11 13 14 15 16 17
wuf20-017 1314 1 2 3 4 5 6 7 8 9 10 11 12 14 15 16 18 19 20
wuf20-0170 1213 1 2 3 4 5 7 8 9 11 12 13 14 15 16 19
wuf20-0171 1451 1 2 3 4 5 6 7 8 9 10 11 12 13 16 17 18 19 20
wuf20-0172 1395 2 3 5 6 7 8 10 11 12 13 14 15 16 17 18
wuf20-0173 1139 1 2 4 5 7 10 11 12 14 15 17 19 20
wuf20-0174 1076 1 3 4 5 6 7 8 10 11 14 15 18 19 20
wuf20-0175 1145 1 2 3 6 7 8 9 10 11 12 13 14 16 19 20
wuf20-0176 1258 1 4 5 6 8 9 11 13 14 15 16 18 20
wuf20-0177 1200 2 3 4 5 6 7 8 9 10 11 12 14 15 16 17 20
wuf20-0178 1264 1 4 5 6 7 8 9 10 11 14 15 17 20
wuf20-0179 1212 2 3 4 5 6 7 8 9 10 12 13 14 15 16 17 18 19 20
wuf20-018 1329 1 2 3 5 8 9 10 12 13 14 15 16 17 18 19 20
wuf20-0180 1114 1 2 3 4 6 7 8 9 10 11 12 13 15 17 20
wuf20-0181 1160 2 3 5 6 7 9 10 12 13 14 15 16 18 19 20
wuf20-0182 1530 2 3 4 5 6 9 10 11 12 13 14 15 16 17 18 20
wuf20-0183 1371 1 2 3 4 6 8 9 10 12 14 15 16 18 19
wuf20-0184 1051 2 3 5 6 7 9 10 11 12 15 16 17 19 20
wuf20-0185 1122 1 2 4 5 6 7 8 9 11 14 15 16 17 19 20
wuf20-0186 1421 2 3 5 6 7 8 9 10 12 13 14 15 16 17 18 19
wuf20-0187 1375 2 3 6 7 8 9 11 12 14 15 16 17 19 20
wuf20-0188 1176 3 4 5 6 9 11 12 13 14 15 17 19
