wuf20-01 78800 1 2 3 4 6 7 8 9 10 11 12 14 16 17 18 19 20
wuf20-010 57027 2 3 4 5 6 7 8 9 10 11 12 13 14 15 16 19 20
wuf20-0100 58591 1 2 3 4 5 8 9 11 12 13 14 15 16 19 20
wuf20-01000 57881 2 3 4 5 6 7 8 9 10 12 13 14 18 19
wuf20-0101 68463 1 2 3 6 8 9 10 11 12 13 14 15 17 19 20
wuf20-0102 71717 2 3 4 6 7 8 11 12 13 14 17 18 19
wuf20-0103 54245 3 4 5 6 8 9 10 11 12 13 14 15 16 18 19
wuf20-0104 62243 1 2 3 4 5 7 8 9 11 12 13 15 16 17 20
wuf20-0105 56922 2 3 4 5 6 8 9 10 11 12 13 15 17 18 20
wuf20-0106 61060 2 3 4 5 6 7 8 9 10 11 12 13 14 15 16 18 20
wuf20-0107 59422 2 3 4 7 8 9 10 12 13 15 17 18 19 20
wuf20-0108 53854 1 2 3 4 5 6 7 8 9 10 11 13 14 15 16 17 18 19 20
wuf20-0109 58973 1 2 3 7 9 10 11 14 18 19 20
wuf20-011 55622 1 2 3 4 5 6 7 11 12 13 14 16 17 18 19 20
wuf20-0110 75559 1 3 4 5 6 7 8 9 11 13 14 15 16 17 18 19
wuf20-0111 53987 1 2 3 4 5 7 9 11 12 13 15 16 17 19 20
wuf20-0112 63535 1 2 3 4 5 7 11 12 13 14 15 16 17 18 19
wuf20-0113 58824 3 4 6 7 8 9 10 11 14 15 16 17 18 19 20
wuf20-0114 57737 1 2 3 4 5 6 8 9 11 12 13 14 15 16 17 19 20
wuf20-0115 63564 1 2 3 4 5 7 9 10 11 14 16 17 18 20
wuf20-0116 54074 1 2 3 4 6 7 8 9 12 13 14 16 17 19
wuf20-0117 58081 4 5 6 7 8 10 11 12 13 14 15 16 17 18 19
wuf20-0118 55064 1 5 7 8 9 10 11 12 13 14 16 17 19 20
wuf20-0119 64004 2 4 5 6 7 8 10 11 12 13 14 15 16 17 18 19 20
wuf20-012 56524 1 2 3 4 6 9 12 13 14 15 19 20
wuf20-0120 52471 1 2 4 5 6 7 8 9 10 11 15 16 17 18
wuf20-0121 57543 1 3 4 6 7 8 9 10 11 12 13 15 16 17 18 19 20
wuf20-0122 58186 2 3 4 5 6 7 8 9 12 14 15 17 18 19 20
wuf20-0123 54727 1 2 3 4 5 7 8 9 10 12 13 14 15 16 17 18 20
wuf20-0124 58075 2 3 4 5 6 7 8 9 10 11 12 13 14 17 18 19
wuf20-0125 54036 1 2 3 4 5 6 7 8 10 11 12 13 14 16 17 18 19 20
wuf20-0126 60633 1 2 3 4 5 6 7 9 10 11 12 14 15 16 17 18 20
wuf20-0127 67211 1 2 3 5 8 9 10 11 12 13 14 15 17 20
wuf20-0128 54497 3 4 5 6 7 8 11 12 13 15 17 18 19 20
wuf20-0129 83006 1 3 4 6 7 8 9 10 12 17 18 19 20
wuf20-013 66108 1 2 3 4 5 7 8 9 12 14 15 17 18 20
wuf20-0130 64690 2 3 4 5 6 7 8 10 11 12 13 16 18
wuf20-0131 58666 1 2 3 4 5 7 8 9 11 12 14 15 16 17 18 19 20
wuf20-0132 63447 1 2 3 4 6 8 10 11 12 14 16 17 18 20
wuf20-0133 53190 1 3 4 5 6 7 9 10 11 12 13 14 15 16 17 18 19 20
wuf20-0134 59351 1 2 5 6 7 8 9 10 11 12 13 14 17 18 20
wuf20-0135 64657 2 3 4 6 7 8 9 12 13 14 16 18 19 20
wuf20-0136 59096 1 2 3 5 6 7 8 10 11 12 13 14 15 16 17 18 20
wuf20-0137 62100 4 5 8 9 10 12 14 16 17 18 19
wuf20-0138 53673 2 3 5 6 7 9 12 13 19 20
wuf20-0139 69808 3 5 6 7 9 10 11 12 13 15 16 17 18 19 20
wuf20-014 60998 1 2 3 4 5 6 8 10 11 12 13 14 15 17 18 19
wuf20-0140 54896 1 2 3 5 6 7 8 9 10 11 12 13 15 16 17 18 19 20
wuf20-0141 64362 1 5 6 7 9 11 12 13 14 15 16 17 19 20
wuf20-0142 59359 1 2 3 4 7 11 12 13 14 15 16 17 18 19 20
wuf20-0143 64753 2 3 4 5 6 7 8 10 11 12 14 15 16 17 18 19 20
wuf20-0144 64340 3 6 7 8 11 13 14 16 17 19
wuf20-0145 60382 1 2 3 4 6 7 8 9 11 13 14 15 18
wuf20-0146 73249 1 3 6 7 8 9 10 12 13 14 15 16 17 18 19
wuf20-0147 60932 1 2 3 6 7 8 10 11 12 13 16 17 19
wuf20-0148 54921 1 2 4 5 6 7 8 10 11 13 16 17 18 19 20
wuf20-0149 73309 1 2 4 5 6 8 9 12 13 14 15 16 17 18 20
wuf20-015 68752 1 2 4 5 8 9 10 11 13 14 15 18 19
wuf20-0150 60705 2 3 4 8 10 11 12 14 16 17 18 19 20
wuf20-0151 66776 1 2 3 4 6 7 8 9 10 11 12 13 15 16 17 18 20
wuf20-0152 52406 1 3 5 6 7 8 10 12 14 16 17
wuf20-0153 64781 2 3 6 7 8 9 10 11 13 14 15 17 18 19
wuf20-0154 62795 2 3 4 5 6 7 8 10 13 14 16 17 18 19 20
wuf20-0155 55817 1 2 3 4 5 6 8 9 10 11 13 14 15 16 18 20
wuf20-0156 58048 1 2 4 5 7 8 9 10 11 13 17 19 20
wuf20-0157 72713 2 3 6 7 8 9 10 11 12 15 16 17 19 20
wuf20-0158 71149 1 2 3 4 5 6 7 8 9 10 12 14 17 19 20
wuf20-0159 60665 1 2 4 6 8 9 10 11 12 13 14 15 16 17 19
wuf20-016 61916 1 2 3 4 7 8 9 10 11 12 13 14 15 18 20
wuf20-0160 67262 1 2 4 5 6 7 8 9 10 11 12 13 14 15 16 17 18 19 20
wuf20-0161 68193 1 2 3 4 5 6 8 9 10 11 12 13 14 15 16 20
wuf20-0162 58462 1 2 4 5 6 7 8 9 10 11 12 16 17 18 19
wuf20-0163 64783 2 3 4 5 6 7 8 9 10 11 12 13 14 15 16 18 19 20
wuf20-0164 72576 3 5 6 7 8 9 10 11 12 13 15 17 19 20
wuf20-0165 59074 1 2 3 4 5 8 10 11 12 13 14 15 17 18 19 20
wuf20-0166 54208 1 2 3 4 6 7 12 14 16 17 18 19 20
wuf20-0167 69223 1 2 4 5 6 7 8 9 10 11 13 14 15 16 18 19
wuf20-0168 53504 1 3 4 5 6 7 9 11 13 14 16 18 19
wuf20-0169 63475 2 4 5 6 7 8 9 10 11 13 14 15 16 17
wuf20-017 65746 1 2 3 4 5 6 7 8 9 10 11 12 14 15 16 18 19 20
wuf20-0170 60667 1 2 3 4 5 7 8 9 11 12 13 14 15 16 19
wuf20-0171 72553 1 2 3 4 5 6 7 8 9 10 11 12 13 16 17 18 19 20
wuf20-0172 69863 2 3 5 6 7 8 10 11 12 13 14 15 16 17 18
wuf20-0173 57048 1 2 4 5 7 10 11 12 14 15 17 19 20
wuf20-0174 53772 1 3 4 5 6 7 8 10 11 14 15 18 19 20
wuf20-0175 57158 1 2 3 6 7 8 9 10 11 12 13 14 16 19 20
wuf20-0176 62973 1 4 5 6 8 9 11 13 14 15 16 18 20
wuf20-0177 59991 2 3 4 5 6 7 8 9 10 11 12 14 15 16 17 20
wuf20-0178 63317 1 4 5 6 7 8 9 10 11 14 15 17 20
wuf20-0179 60617 2 3 4 5 6 7 8 9 10 12 13 14 15 16 17 18 19 20
wuf20-018 66466 1 2 3 5 8 9 10 12 13 14 15 16 17 18 19 20
wuf20-0180 55809 1 2 3 4 6 7 8 9 10 11 12 13 15 17 20
wuf20-0181 57948 2 3 5 6 7 9 10 12 13 14 15 16 18 19 20
wuf20-0182 76511 2 3 4 5 6 9 10 11 12 13 14 15 16 17 18 20
wuf20-0183 68502 1 2 3 4 6 8 9 10 12 14 15 16 18 19
wuf20-0184 52579 2 3 5 6 7 9 10 11 12 15 16 17 19 20
wuf20-0185 56052 1 2 4 5 6 7 8 9 11 14 15 16 17 19 20
wuf20-0186 71053 2 3 5 6 7 8 9 10 12 13 14 15 16 17 18 19
wuf20-0187 68819 2 3 6 7 8 9 11 12 14 15 16 17 19 20
wuf20-0188 58923 3 4 5 6 9 11 12 13 14 15 17 19
