uf20-01 0 0 43759 43759 1 2 3 4 -5 6 7 8 9 10 11 12 -13 14 -15 16 17 18 19 20
uf20-010 0 38818 45353 45353 -1 2 3 4 5 6 7 8 9 10 11 12 13 14 15 16 -17 -18 19 20
uf20-0100 0 31466 36847 36847 1 2 3 4 5 -6 -7 8 9 -10 11 12 13 14 15 16 -17 -18 19 20
uf20-01000 0 0 33166 33166 -1 2 3 4 5 6 7 8 9 10 -11 12 13 14 -15 -16 -17 18 19 -20
uf20-0101 0 30857 35092 35092 1 2 3 4 -5 6 -7 8 -9 10 11 -12 -13 14 15 16 17 18 19 20
uf20-0102 0 23621 25923 26830 1 2 3 -4 -5 6 7 -8 9 10 -11 12 13 14 -15 16 17 -18 -19 -20
uf20-0103 0 0 39820 39820 -1 2 3 4 5 6 -7 8 9 10 11 12 13 -14 15 16 -17 18 19 -20
uf20-0104 0 0 35449 35449 1 2 3 4 5 -6 7 8 9 -10 11 12 13 -14 15 16 17 -18 -19 20
uf20-0105 0 0 39244 39244 -1 2 3 4 5 6 7 -8 9 10 11 12 -13 -14 15 -16 17 18 19 20
uf20-0106 0 0 43807 43807 -1 2 3 4 5 6 7 8 9 10 11 12 13 14 15 16 -17 18 -19 20
uf20-0107 0 0 34799 34799 1 2 3 4 -5 6 7 -8 9 10 -11 12 13 -14 15 -16 17 18 19 -20
uf20-0108 0 0 54473 54473 1 2 3 4 5 6 7 8 9 10 11 -12 13 14 15 16 17 18 19 20
uf20-0109 0 0 16091 24624 1 2 3 4 5 -6 7 -8 9 10 11 -12 -13 14 -15 -16 -17 -18 19 -20
uf20-011 0 29187 44424 44424 1 2 3 4 5 6 -7 -8 -9 10 -11 12 13 14 15 16 17 18 19 20
uf20-0110 0 0 34298 34298 1 -2 3 4 5 6 7 8 9 -10 11 -12 13 14 15 16 17 18 19 -20
uf20-0111 0 34126 43415 43415 1 2 3 4 5 6 7 8 9 -10 -11 12 -13 14 15 16 17 -18 19 20
uf20-0112 0 38705 43249 43249 -1 2 3 4 5 6 7 8 -9 10 11 12 13 14 15 16 17 18 -19 20
uf20-0113 0 0 37587 37587 1 -2 3 4 -5 6 7 8 9 10 11 -12 -13 14 15 16 17 18 19 -20
uf20-0114 0 43634 46005 46005 1 2 3 4 5 6 7 -8 9 -10 11 12 13 14 15 16 17 -18 19 20
uf20-0115 0 0 0 32193 1 -2 3 4 5 -6 -7 -8 9 10 11 12 13 14 -15 16 17 18 -19 20
uf20-0116 0 32408 35791 35791 1 2 3 4 -5 6 7 8 9 -10 11 12 13 14 -15 16 17 -18 -19 -20
uf20-0117 0 31507 37043 37043 -1 -2 -3 4 5 6 7 8 -9 10 11 12 13 14 15 16 17 18 19 -20
uf20-0118 0 0 37090 38179 1 -2 -3 4 5 -6 7 8 -9 10 11 -12 13 14 15 16 17 18 19 20
uf20-0119 0 0 31970 43583 1 2 3 4 5 6 7 8 -9 10 11 -12 13 14 15 16 17 -18 19 -20
uf20-012 0 25855 31063 31063 1 -2 3 -4 -5 6 7 8 9 -10 -11 12 13 14 15 -16 17 18 19 -20
uf20-0120 0 0 37749 37749 1 -2 3 4 5 6 7 8 9 10 11 12 -13 -14 15 16 17 18 -19 -20
uf20-0121 0 0 45199 45199 1 -2 3 4 -5 6 7 8 9 10 11 12 13 14 15 16 17 18 -19 20
uf20-0122 0 0 41847 41847 1 2 3 4 5 6 7 -8 9 10 11 12 -13 14 -15 16 17 18 19 -20
uf20-0123 0 0 0 46234 1 2 3 4 5 -6 7 8 9 10 -11 12 13 14 15 16 17 18 -19 20
uf20-0124 0 35460 41627 41627 1 2 3 4 5 6 7 8 9 10 11 12 13 14 -15 -16 17 -18 19 -20
uf20-0125 0 42423 50452 50452 1 2 3 4 5 6 7 8 -9 10 11 12 13 14 -15 16 17 18 19 20
uf20-0126 0 0 46997 46997 1 2 3 4 5 6 7 8 9 10 11 12 -13 14 15 -16 17 18 -19 20
uf20-0127 0 0 32610 32610 1 2 3 -4 -5 6 -7 8 9 10 11 12 13 14 15 16 -17 -18 -19 20
uf20-0128 0 29847 38513 38513 1 -2 3 4 5 6 7 8 9 10 11 12 -13 14 15 -16 -17 18 19 -20
uf20-0129 0 0 25325 25325 1 -2 3 4 5 6 7 8 9 10 -11 12 -13 14 -15 -16 17 -18 19 20
uf20-013 0 0 32193 32193 1 2 3 4 5 6 7 8 9 -10 -11 12 -13 14 15 -16 17 -18 -19 20
uf20-0130 0 0 29411 29411 -1 -2 3 4 5 -6 7 8 9 10 11 12 13 -14 -15 16 -17 18 19 -20
uf20-0131 0 0 46539 46539 1 2 3 4 5 -6 7 -8 9 10 -11 12 13 14 15 16 17 18 19 20
uf20-0132 0 0 0 35811 1 2 3 4 5 6 7 8 -9 10 -11 12 -13 14 -15 -16 17 18 19 20
uf20-0133 0 0 50780 50780 1 -2 3 4 5 6 7 -8 9 10 11 12 13 14 15 16 17 18 19 20
uf20-0134 0 0 33205 36556 1 2 -3 -4 5 6 7 8 9 10 11 12 13 14 -15 -16 17 18 -19 20
uf20-0135 0 25440 32081 32081 1 2 3 4 -5 6 7 -8 -9 10 -11 12 13 -14 -15 16 -17 18 19 20
uf20-0136 0 40277 47012 47012 1 2 3 -4 5 6 7 -8 9 10 11 12 13 14 15 16 17 -18 19 20
uf20-0137 0 0 23587 23587 -1 2 -3 4 -5 6 -7 8 9 -10 -11 -12 13 14 -15 16 17 18 19 -20
uf20-0138 0 0 36319 36319 -1 -2 -3 4 5 6 7 8 9 10 -11 12 13 -14 15 16 17 18 -19 20
uf20-0139 0 21868 32549 32549 -1 -2 3 -4 5 6 7 -8 9 10 11 12 13 -14 15 16 17 18 19 20
uf20-014 0 35465 40603 40603 1 -2 3 4 5 6 -7 8 -9 10 11 12 13 14 15 16 17 18 19 -20
uf20-0140 0 0 45994 50971 1 2 3 -4 5 6 7 8 9 10 11 12 13 14 15 -16 17 18 19 20
uf20-0141 0 0 33910 33910 1 2 3 -4 5 6 7 -8 9 10 11 12 -13 14 15 16 17 -18 -19 20
uf20-0142 0 36273 37475 37475 1 2 3 -4 -5 -6 7 8 -9 -10 11 12 13 14 15 16 17 18 19 20
uf20-0143 0 38381 42394 42394 -1 2 3 4 5 6 7 8 -9 10 11 12 -13 14 15 16 17 18 19 20
uf20-0144 0 12126 18101 26616 -1 -2 3 -4 5 6 7 -8 9 10 -11 12 13 -14 -15 16 17 18 -19 20
uf20-0145 0 0 35837 35837 1 2 3 -4 5 6 -7 8 9 10 -11 12 13 -14 15 16 17 18 -19 -20
uf20-0146 0 0 31233 35716 1 2 -3 -4 5 6 7 8 -9 10 -11 12 13 -14 15 16 -17 18 19 20
uf20-0147 0 26687 33952 33952 1 2 3 -4 5 -6 7 8 -9 10 11 -12 13 14 -15 16 17 18 19 -20
uf20-0148 0 0 42068 42068 1 2 -3 4 5 6 7 -8 -9 10 11 12 13 -14 15 -16 17 18 19 20
uf20-0149 0 0 31195 31208 1 2 -3 4 5 6 -7 8 9 -10 -11 12 13 14 15 16 17 18 -19 20
uf20-015 0 0 26719 29163 -1 2 3 4 5 6 7 8 9 10 11 -12 13 14 15 -16 -17 18 19 -20
uf20-0150 0 30037 32327 32327 1 2 3 4 -5 -6 -7 8 -9 10 -11 12 -13 14 15 16 17 18 19 20
uf20-0151 0 0 0 44563 1 2 -3 4 5 6 7 8 9 10 11 12 13 14 15 16 -17 18 -19 20
uf20-0152 0 0 24313 24313 1 2 -3 -4 5 6 7 -8 -9 10 -11 12 13 14 -15 16 17 -18 -19 -20
uf20-0153 0 26864 31951 31951 -1 2 3 -4 5 6 7 8 9 10 -11 -12 13 14 15 -16 17 18 19 -20
uf20-0154 0 0 35237 46899 1 -2 3 4 5 6 7 8 9 10 -11 12 13 14 15 -16 17 18 19 20
uf20-0155 0 0 42087 42087 1 2 3 4 5 -6 -7 8 9 10 11 12 13 14 15 16 -17 18 -19 20
uf20-0156 0 0 29148 29148 1 2 -3 4 5 -6 7 8 9 10 11 -12 13 -14 -15 -16 17 -18 19 20
uf20-0157 0 0 32026 32026 -1 2 3 4 -5 6 7 8 9 10 11 12 -13 14 -15 16 17 -18 -19 20
uf20-0158 0 30889 35715 35715 1 2 3 4 5 6 -7 8 9 10 11 12 13 -14 -15 16 17 -18 19 -20
uf20-0159 0 30615 40469 40469 1 2 -3 -4 5 6 -7 8 9 10 11 -12 13 14 15 16 17 18 19 20
uf20-016 0 0 40103 40103 1 2 -3 4 5 -6 -7 8 9 10 11 12 13 14 15 -16 -17 18 19 20
uf20-0160 0 45077 49336 49336 1 2 -3 4 5 6 7 8 9 10 11 12 13 14 15 16 17 18 19 20
uf20-0161 0 0 40948 40948 1 -2 -3 4 5 6 7 8 9 10 11 12 13 14 15 16 -17 18 -19 20
uf20-0162 0 0 41918 41918 1 2 -3 4 5 6 7 -8 9 10 11 12 -13 14 15 16 17 18 19 -20
uf20-0163 0 46024 48404 48404 -1 2 3 4 5 6 7 8 9 -10 11 12 13 14 15 16 17 18 19 20
uf20-0164 0 0 29359 29359 1 -2 3 4 5 6 7 8 9 -10 11 12 13 -14 15 -16 -17 -18 -19 20
uf20-0165 0 37770 44686 44686 1 2 3 4 5 6 -7 8 9 10 11 -12 13 14 15 16 -17 18 19 -20
uf20-0166 0 25062 31622 31622 -1 2 3 4 -5 6 7 -8 9 10 11 12 -13 -14 -15 16 17 18 19 -20
uf20-0167 0 27734 37782 37782 1 -2 3 4 5 6 7 8 9 10 11 12 13 14 -15 16 -17 18 -19 -20
uf20-0168 0 0 36447 36447 1 -2 3 -4 5 6 7 8 -9 10 11 12 -13 14 15 16 17 18 -19 -20
uf20-0169 0 0 33476 33476 -1 2 3 4 5 6 7 8 9 10 11 -12 13 -14 15 -16 17 18 -19 -20
uf20-017 0 0 38945 45963 1 2 3 4 5 6 7 8 9 10 11 12 -13 14 15 16 -17 18 19 20
uf20-0170 0 36868 40368 40368 1 2 3 4 5 6 7 8 9 -10 11 12 13 14 -15 16 17 -18 19 -20
uf20-0171 0 0 47495 47495 1 2 3 4 5 6 7 8 9 10 11 12 13 14 15 16 -17 18 -19 20
uf20-0172 0 31231 34373 34373 1 2 3 -4 -5 6 -7 -8 -9 10 11 12 13 14 15 16 -17 18 19 20
uf20-0173 0 0 41384 41384 1 -2 3 4 5 6 7 8 9 10 -11 -12 13 14 15 -16 -17 18 19 20
uf20-0174 0 0 37908 37908 1 -2 3 4 5 6 7 8 -9 10 -11 12 -13 14 -15 -16 17 18 19 20
uf20-0175 0 30086 37743 37743 1 2 3 -4 -5 6 -7 8 9 10 11 12 13 14 -15 16 -17 18 19 20
uf20-0176 0 0 0 28552 1 -2 -3 4 5 6 -7 -8 9 -10 -11 12 13 14 15 16 -17 18 19 20
uf20-0177 0 31553 40263 40263 -1 2 3 4 5 6 7 8 9 10 11 12 -13 14 15 16 17 -18 -19 20
uf20-0178 0 0 30947 30947 1 -2 3 4 5 -6 7 8 9 10 11 12 -13 14 -15 -16 17 -18 19 20
uf20-0179 0 0 39231 48732 1 2 3 4 5 6 7 8 9 10 -11 12 13 -14 15 16 17 18 19 20
uf20-018 0 0 37783 37783 1 2 3 -4 5 -6 -7 8 9 10 -11 12 13 14 15 16 17 18 19 20
uf20-0180 0 0 0 39285 1 2 3 4 -5 6 7 8 -9 10 11 12 13 -14 15 16 17 -18 -19 20
uf20-0181 0 30023 38749 38749 1 2 3 4 5 6 -7 -8 9 10 -11 12 13 14 15 16 -17 -18 19 20
uf20-0182 0 31160 36948 36948 -1 2 3 4 5 6 -7 -8 9 10 11 12 13 14 15 16 -17 18 19 20
uf20-0183 0 0 29522 30100 1 2 3 -4 5 6 7 8 -9 10 -11 12 -13 14 15 -16 -17 18 -19 -20
uf20-0184 0 0 35784 37309 -1 2 3 -4 5 6 7 -8 9 10 11 12 -13 14 15 16 17 -18 19 -20
uf20-0185 0 0 0 37819 1 2 -3 4 5 6 7 8 9 -10 11 -12 -13 14 15 16 17 -18 19 20
uf20-0186 0 0 38581 38581 -1 2 3 -4 5 6 7 8 9 -10 11 12 -13 14 15 16 17 18 19 20
uf20-0187 0 28975 28975 28975 -1 2 3 -4 -5 6 7 8 9 -10 11 12 -13 14 15 16 17 -18 19 20
uf20-0188 0 0 26439 32062 1 2 3 4 5 -6 -7 8 9 -10 11 12 13 14 15 -16 17 -18 -19 -20
uf20-0189 0 0 34760 34760 1 -2 3 4 -5 -6 7 -8 9 10 11 -12 13 -14 15 16 17 18 19 -20
uf20-019 0 0 0 38324 -1 -2 3 4 5 -6 7 8 9 10 11 12 13 14 -15 -16 17 -18 19 -20
uf20-0190 0 42870 45692 45692 1 2 3 4 5 6 7 8 -9 10 11 12 13 14 15 16 17 18 19 -20
uf20-0191 0 0 41903 41903 1 2 3 4 -5 6 -7 8 9 10 11 -12 13 14 15 16 17 18 19 20
uf20-0192 0 23576 31152 31152 -1 2 -3 4 5 -6 7 8 9 10 -11 12 13 14 -15 16 17 18 -19 20
uf20-0193 0 0 32805 32805 1 2 3 4 -5 -6 7 8 -9 -10 11 12 -13 14 15 16 17 18 -19 20
uf20-0194 0 0 0 41074 1 2 -3 4 5 6 7 -8 9 -10 -11 -12 13 14 15 16 17 18 19 20
uf20-0195 0 0 49768 49768 1 2 3 4 5 -6 7 8 9 10 -11 12 13 -14 15 16 17 18 19 20
uf20-0196 0 37541 43783 43783 1 2 3 4 5 -6 7 -8 -9 10 11 12 13 14 15 16 -17 -18 19 20
uf20-0197 0 0 35620 35620 1 2 3 -4 -5 -6 7 8 -9 10 -11 12 13 14 15 -16 -17 18 19 20
uf20-0198 0 0 36520 42704 1 -2 3 4 5 -6 7 8 -9 10 11 12 13 -14 -15 16 17 18 19 -20
uf20-0199 0 55580 58917 58917 1 2 3 -4 5 6 7 8 9 10 11 12 13 14 15 16 17 -18 19 20
uf20-02 0 0 32445 32445 1 2 3 -4 5 6 -7 8 -9 -10 -11 12 -13 14 15 16 -17 18 19 -20
uf20-020 0 0 41995 41995 1 2 3 4 5 6 7 8 -9 -10 11 -12 13 -14 15 16 17 18 -19 20
uf20-0200 0 0 21606 22096 1 2 3 -4 5 6 -7 8 -9 -10 -11 12 13 14 -15 -16 -17 -18 19 20
uf20-0201 0 0 40165 40165 1 2 3 4 5 6 7 -8 -9 10 -11 12 13 14 15 16 17 -18 -19 20
uf20-0202 0 0 36797 48196 1 2 3 4 5 6 -7 -8 9 10 11 12 13 14 -15 16 17 18 19 20
uf20-0203 0 24698 38199 38199 1 -2 -3 -4 5 6 -7 8 9 10 11 12 13 14 15 -16 -17 18 19 20
uf20-0204 0 0 34566 34874 -1 2 3 4 5 6 7 -8 9 10 -11 12 13 -14 15 16 -17 -18 19 -20
uf20-0205 0 28882 33425 33425 -1 2 3 4 -5 6 -7 -8 9 -10 11 12 13 14 15 16 17 18 -19 -20
uf20-0206 0 0 57131 57131 1 2 3 4 5 6 7 8 -9 10 11 12 13 14 15 -16 17 18 19 20
uf20-0207 0 0 44831 44831 1 2 3 4 5 -6 7 8 9 -10 11 12 13 14 15 -16 -17 -18 19 20
uf20-0208 0 0 48129 48129 1 2 -3 4 5 6 -7 8 9 10 11 12 13 -14 -15 16 17 18 19 20
uf20-0209 0 0 56237 56237 1 2 3 4 -5 6 7 8 9 10 11 12 -13 14 15 16 17 -18 19 20
uf20-021 0 41788 44090 44090 1 2 3 -4 -5 6 7 8 9 -10 11 12 13 14 15 16 -17 18 19 -20
uf20-0210 0 0 27987 28259 1 -2 -3 4 5 6 7 8 9 10 11 12 13 14 15 -16 -17 -18 19 -20
uf20-0211 0 31880 45619 45619 1 2 3 4 5 6 7 8 -9 -10 11 12 13 -14 -15 16 17 18 19 20
uf20-0212 0 44846 47924 47924 1 2 3 4 -5 6 7 8 -9 10 11 12 13 14 15 16 17 18 -19 -20
uf20-0213 0 33655 38149 38149 1 2 3 -4 5 6 -7 8 9 -10 11 12 13 -14 15 16 17 18 -19 -20
uf20-0214 0 0 48914 48914 1 2 3 -4 5 6 7 8 9 10 11 -12 -13 14 15 -16 17 -18 19 20
uf20-0215 0 0 49825 49825 1 2 3 4 5 -6 7 -8 -9 10 11 12 13 14 15 16 17 18 19 20
uf20-0216 0 0 25413 33363 1 -2 -3 4 -5 6 -7 8 -9 10 -11 12 -13 14 15 -16 17 18 19 20
uf20-0217 0 34352 50731 50731 1 -2 -3 4 5 6 7 8 9 -10 11 12 13 14 15 16 17 18 19 20
uf20-0218 0 0 23368 35321 1 2 -3 -4 5 -6 7 8 9 10 -11 12 13 14 -15 -16 17 18 19 -20
uf20-0219 0 28792 42554 42554 1 2 3 4 5 6 -7 -8 9 10 11 -12 -13 14 15 16 17 18 -19 20
uf20-022 0 32251 42978 42978 -1 2 -3 4 -5 -6 7 8 9 10 11 12 13 14 -15 16 17 18 19 20
uf20-0220 0 24219 32617 32617 1 -2 3 4 5 6 7 -8 -9 10 -11 -12 13 14 15 -16 17 -18 19 20
uf20-0221 0 47182 53639 53639 -1 2 3 4 5 -6 7 8 9 -10 11 12 13 14 15 16 17 18 19 20
uf20-0222 0 47553 60050 60050 1 2 3 4 5 6 7 8 -9 10 11 12 13 14 15 16 17 -18 19 20
uf20-0223 0 0 0 54995 -1 2 3 4 5 6 7 8 9 -10 -11 12 13 14 15 16 17 18 19 20
uf20-0224 0 0 39145 39145 1 2 -3 -4 5 6 7 8 9 -10 11 12 13 -14 -15 -16 17 18 19 20
uf20-0225 0 0 36688 36688 1 -2 3 4 -5 6 -7 8 9 -10 11 -12 -13 14 15 16 17 18 19 20
uf20-0226 0 35748 41285 41285 1 2 3 4 5 6 -7 8 9 10 -11 12 13 14 -15 16 17 -18 19 -20
uf20-0227 0 0 54573 54573 1 2 3 4 5 6 7 8 9 -10 -11 12 13 14 15 16 17 18 19 20
uf20-0228 0 32004 39999 44272 1 2 3 4 5 6 -7 8 9 -10 11 12 13 -14 15 -16 17 18 19 -20
uf20-0229 0 0 53689 53689 1 2 3 4 5 6 7 8 9 10 -11 12 13 14 15 -16 -17 18 19 20
uf20-023 0 0 39258 39258 1 2 3 4 -5 6 7 8 9 10 -11 12 13 14 -15 16 -17 18 -19 -20
uf20-0230 0 0 29391 36209 1 2 -3 4 5 6 7 8 9 10 -11 -12 13 14 15 16 -17 -18 -19 20
uf20-0231 0 0 30549 30549 -1 -2 3 4 5 6 7 -8 9 -10 11 12 13 14 15 16 17 -18 -19 20
uf20-0232 0 0 32321 45027 1 2 -3 -4 5 6 7 8 9 10 -11 12 13 -14 15 -16 17 18 19 20
uf20-0233 0 0 45781 45781 1 -2 3 4 5 -6 7 8 9 -10 11 -12 13 14 15 16 17 18 19 -20
uf20-0234 0 0 41197 41197 1 -2 3 4 5 6 -7 -8 9 10 11 12 -13 14 15 16 17 18 -19 20
uf20-0235 0 0 52591 52591 1 2 3 4 5 -6 7 8 9 10 11 12 13 14 15 -16 -17 18 19 20
uf20-0236 0 51042 57075 57075 1 2 3 4 -5 6 7 8 9 -10 11 12 13 14 -15 16 17 18 19 20
uf20-0237 0 0 28063 38813 1 -2 3 4 5 6 -7 8 -9 -10 11 12 13 14 15 -16 -17 18 -19 20
uf20-0238 0 40155 51506 51506 1 2 3 4 -5 6 -7 8 9 10 11 12 13 -14 15 16 17 18 19 20
uf20-0239 0 0 47168 47168 1 2 3 4 5 6 7 8 -9 10 11 12 -13 14 15 16 17 18 -19 20
uf20-024 0 0 33385 33385 1 -2 3 -4 5 -6 -7 -8 9 10 11 -12 -13 14 15 -16 17 18 19 20
uf20-0240 0 0 41073 41073 1 2 3 4 5 6 -7 8 -9 10 11 -12 -13 14 -15 16 17 18 19 20
uf20-0241 0 0 41830 41830 -1 -2 3 4 5 6 -7 8 9 10 11 12 -13 14 15 16 17 18 19 20
uf20-0242 0 43389 44507 44507 -1 2 3 4 -5 6 7 8 -9 10 -11 12 13 14 15 16 17 18 19 -20
uf20-0243 0 37424 40956 40956 1 2 -3 -4 -5 6 -7 8 9 10 11 -12 13 14 15 16 17 -18 19 20
uf20-0244 0 0 0 42793 -1 2 3 4 5 6 7 8 9 10 11 12 -13 14 -15 16 17 18 -19 -20
uf20-0245 0 26436 28596 28596 1 2 3 -4 5 6 7 8 -9 -10 11 -12 13 14 -15 -16 -17 -18 19 -20
uf20-0246 0 35235 43734 43734 -1 2 3 4 -5 6 7 8 9 10 -11 12 13 -14 -15 16 17 18 19 20
uf20-0247 0 0 54072 54072 1 2 -3 4 -5 6 7 8 9 10 11 12 13 14 15 16 17 -18 19 20
uf20-0248 0 45497 47137 47137 1 2 -3 -4 -5 6 7 8 9 -10 11 12 13 14 15 16 17 18 19 20
uf20-0249 0 37268 44588 44588 -1 -2 -3 4 -5 6 7 8 9 -10 11 12 13 14 15 16 17 18 19 20
uf20-025 0 0 46674 46674 1 2 3 4 5 6 7 -8 9 10 11 12 -13 14 15 -16 17 18 -19 20
uf20-0250 0 42854 57233 57233 1 2 3 4 -5 6 7 8 9 10 11 12 13 14 15 16 17 18 -19 20
uf20-0251 0 40011 49530 49530 1 -2 -3 4 5 6 7 8 9 10 11 12 13 -14 15 16 17 18 19 -20
uf20-0252 0 0 42977 42977 1 2 3 -4 5 6 7 8 9 10 11 12 13 -14 -15 16 -17 18 -19 20
uf20-0253 0 0 38790 49037 1 2 -3 4 5 6 -7 8 9 -10 11 12 13 14 15 -16 17 18 19 20
uf20-0254 0 0 39557 42646 1 -2 3 4 5 6 7 8 9 -10 11 12 -13 14 15 -16 -17 18 19 20
uf20-0255 0 0 44315 44315 1 -2 3 4 5 6 -7 8 -9 -10 -11 12 13 14 15 16 17 18 19 -20
uf20-0256 0 0 48440 48440 1 -2 3 4 5 6 -7 8 9 10 11 12 13 14 -15 16 17 18 19 20
uf20-0257 0 0 48834 48834 1 -2 -3 4 5 6 7 8 9 10 11 12 13 14 15 -16 17 18 -19 20
uf20-0258 0 0 44905 46325 1 -2 3 4 5 -6 7 8 9 10 11 12 13 14 -15 16 17 -18 19 20
uf20-0259 0 0 47777 47777 1 2 3 -4 5 6 7 8 9 10 11 12 13 -14 15 -16 -17 18 -19 20
uf20-026 0 0 0 41963 1 2 3 4 5 6 7 -8 9 10 -11 -12 13 14 -15 16 17 18 -19 -20
uf20-0260 0 0 40267 40267 1 2 3 4 5 -6 7 8 9 10 11 12 13 14 15 -16 -17 -18 -19 -20
uf20-0261 0 0 45552 45552 -1 2 -3 4 5 6 7 8 9 10 -11 12 13 14 15 16 17 18 -19 20
uf20-0262 0 0 30062 42755 1 2 3 4 5 6 -7 -8 -9 10 11 12 13 -14 15 16 17 -18 -19 20
uf20-0263 0 42936 47249 47249 -1 2 3 -4 5 6 -7 8 9 10 11 12 -13 14 15 16 17 18 19 20
uf20-0264 0 0 39555 39555 -1 -2 3 4 5 6 7 8 9 -10 -11 -12 13 14 -15 16 -17 18 19 20
uf20-0265 0 0 51117 57318 -1 2 3 4 5 6 7 8 9 -10 11 12 13 14 15 16 17 18 19 20
uf20-0266 0 0 46749 46954 1 2 3 4 5 6 7 8 9 -10 11 12 13 -14 15 -16 17 -18 19 20
uf20-0267 0 0 44991 44991 1 2 3 -4 5 -6 7 -8 9 -10 11 12 13 14 -15 16 17 18 19 20
uf20-0268 0 48298 54781 54781 1 2 3 4 5 6 7 8 9 -10 11 12 -13 14 15 16 17 -18 19 20
uf20-0269 0 0 33810 38280 1 -2 3 4 5 6 7 8 9 10 -11 12 -13 -14 -15 16 17 18 -19 20
uf20-027 0 0 0 49453 -1 2 3 -4 5 6 7 -8 9 10 11 12 13 -14 15 16 17 18 19 20
uf20-0270 0 29212 52374 52374 -1 -2 3 4 5 6 7 8 9 -10 11 -12 13 14 15 16 17 18 19 20
uf20-0271 0 0 40126 40126 -1 -2 3 4 -5 -6 7 8 9 10 11 12 13 14 15 -16 17 18 19 20
uf20-0272 0 0 36107 37464 1 2 -3 -4 -5 -6 7 8 9 10 -11 12 -13 14 15 16 17 18 -19 20
uf20-0273 0 31391 43835 43835 1 2 3 -4 5 6 7 8 9 -10 11 12 13 -14 15 -16 17 -18 19 20
uf20-0274 0 38020 48960 48960 1 -2 3 -4 5 6 7 8 9 -10 11 12 13 14 15 -16 17 18 19 20
uf20-0275 0 32261 33365 33365 1 -2 3 -4 5 6 -7 8 -9 10 11 12 13 14 15 16 17 18 -19 -20
uf20-0276 0 0 47835 47835 -1 -2 3 4 5 6 7 8 9 10 11 12 13 -14 15 -16 17 18 19 20
uf20-0277 0 34531 41366 41366 1 2 3 4 -5 6 7 -8 -9 10 11 12 -13 -14 15 -16 17 18 19 20
uf20-0278 0 32253 33265 33265 -1 -2 3 -4 -5 6 -7 8 9 10 11 12 13 -14 15 16 17 18 19 -20
uf20-0279 0 0 50748 50748 1 2 3 4 -5 6 7 -8 9 10 11 -12 13 14 15 -16 17 18 19 20
uf20-028 0 0 0 35928 1 2 -3 4 5 6 -7 8 9 10 -11 12 13 -14 -15 -16 17 -18 19 20
uf20-0280 0 0 47811 47811 1 2 3 -4 5 6 7 8 -9 10 -11 12 13 -14 15 16 17 18 19 20
uf20-0281 0 0 48533 48533 1 2 3 4 -5 6 7 8 9 10 11 -12 13 14 15 16 17 18 19 -20
uf20-0282 0 0 35097 35097 -1 2 3 4 5 6 -7 8 9 -10 -11 12 13 -14 15 -16 17 18 -19 -20
uf20-0283 0 0 53523 53523 1 2 3 4 5 6 7 -8 9 10 11 12 13 14 15 16 17 18 -19 20
uf20-0284 0 37859 43733 43733 1 2 -3 4 5 6 7 8 -9 -10 11 12 13 14 15 -16 17 18 19 -20
uf20-0285 0 0 39577 39577 1 -2 3 4 5 -6 7 8 9 10 11 12 -13 14 15 16 -17 -18 19 -20
uf20-0286 0 32259 39563 41205 -1 -2 3 4 5 6 7 8 9 -10 11 12 -13 14 15 -16 17 -18 19 20
uf20-0287 0 0 0 41606 -1 2 3 -4 5 6 7 8 -9 10 11 12 -13 14 -15 16 -17 18 19 20
uf20-0288 0 0 40742 42350 1 2 -3 4 -5 6 -7 8 9 -10 11 12 13 -14 15 16 17 18 19 20
uf20-0289 0 0 41039 41039 1 2 -3 4 5 -6 -7 8 -9 10 -11 12 13 14 15 16 17 18 19 20
uf20-029 0 0 38361 38361 1 2 3 4 5 -6 -7 -8 9 10 11 12 13 -14 15 16 -17 -18 19 20
uf20-0290 0 0 39799 39799 1 2 -3 4 -5 6 -7 8 9 10 11 12 -13 -14 15 16 -17 18 19 20
uf20-0291 0 0 63538 63538 1 2 3 4 5 6 7 8 9 10 11 12 -13 14 15 16 17 18 19 20
uf20-0292 0 44845 47790 47790 -1 2 -3 -4 5 6 7 8 9 -10 11 12 13 14 15 16 17 18 19 20
uf20-0293 0 47093 50871 50871 -1 2 -3 4 5 6 7 8 9 10 11 12 13 14 15 16 17 -18 19 20
uf20-0294 0 35553 52249 52249 1 2 3 4 5 6 7 8 9 10 -11 12 -13 14 15 16 17 -18 -19 20
uf20-0295 0 23159 35945 38939 1 2 3 -4 5 -6 7 -8 -9 10 11 12 13 14 15 -16 17 -18 19 -20
uf20-0296 0 35255 40122 41671 -1 2 3 4 -5 6 7 -8 -9 10 11 12 13 -14 15 16 17 18 19 20
uf20-0297 0 0 0 36402 1 2 3 4 5 -6 7 8 9 -10 11 12 -13 -14 15 -16 17 18 -19 -20
uf20-0298 0 0 48580 50324 1 2 -3 4 5 6 7 8 9 10 -11 -12 -13 14 15 16 17 18 19 20
uf20-0299 0 0 33237 33237 1 -2 3 4 -5 6 -7 -8 -9 10 -11 12 13 14 15 16 -17 18 -19 20
uf20-03 0 0 42658 44424 1 2 3 4 5 6 -7 8 9 10 11 -12 13 14 15 -16 17 -18 19 20
uf20-030 0 0 40775 49820 1 2 3 4 -5 6 7 8 9 -10 11 -12 13 14 15 16 17 18 -19 20
uf20-0300 0 37189 45856 45856 1 2 3 4 5 6 7 8 9 10 -11 12 13 14 15 -16 17 -18 19 -20
uf20-0301 0 0 49868 49868 1 2 -3 -4 5 6 7 -8 9 10 11 12 -13 14 15 16 17 18 19 20
uf20-0302 0 0 50586 50586 1 2 3 4 5 -6 7 8 9 10 11 12 -13 14 -15 16 17 18 19 -20
uf20-0303 0 0 23938 23938 -1 2 -3 4 -5 -6 7 8 9 10 11 -12 13 -14 -15 -16 17 18 19 -20
uf20-0304 0 0 0 40640 1 -2 -3 4 -5 6 7 8 9 10 -11 12 13 14 15 16 17 18 -19 -20
uf20-0305 0 39957 48750 48750 1 2 3 -4 -5 6 7 8 9 10 11 -12 13 14 15 -16 17 18 19 20
uf20-0306 0 0 30417 30417 -1 2 3 4 -5 -6 7 8 9 10 11 -12 -13 -14 -15 16 17 18 19 -20
uf20-0307 0 0 49074 49074 1 2 3 -4 5 -6 7 -8 9 10 11 12 13 14 15 16 -17 18 -19 20
uf20-0308 0 0 46565 46565 1 2 3 4 5 6 -7 -8 9 10 11 12 13 -14 15 16 -17 18 -19 20
uf20-0309 0 33364 38866 38866 1 2 3 -4 5 6 7 8 9 -10 11 12 13 -14 15 16 17 -18 -19 -20
uf20-031 0 24754 33877 34068 -1 -2 3 -4 5 6 7 8 9 10 11 -12 -13 14 15 16 17 18 -19 -20
uf20-0310 0 0 46062 46062 1 2 3 4 5 6 7 -8 9 -10 11 12 13 14 15 16 17 -18 -19 -20
uf20-0311 0 41736 50243 50243 1 2 3 4 5 6 7 -8 9 -10 11 12 13 14 15 -16 17 -18 19 20
uf20-0312 0 0 33207 35663 1 2 3 -4 5 6 -7 8 9 10 11 -12 13 -14 -15 -16 -17 -18 19 20
uf20-0313 0 0 35668 35668 1 2 3 -4 5 -6 7 -8 -9 -10 11 -12 13 14 15 16 17 18 19 -20
uf20-0314 0 0 52773 52773 1 2 3 4 5 6 -7 8 9 10 11 -12 13 14 15 16 17 18 -19 20
uf20-0315 0 0 50103 52872 1 2 3 4 5 6 7 8 -9 -10 11 12 13 14 15 16 17 18 -19 20
uf20-0316 0 27035 29389 35633 1 2 3 -4 -5 -6 -7 8 9 10 11 12 13 14 -15 16 17 -18 -19 20
uf20-0317 0 0 24035 37640 1 -2 3 -4 5 -6 7 -8 9 10 11 -12 13 14 15 -16 17 18 19 -20
uf20-0318 0 41497 54625 54625 1 2 3 4 5 6 -7 8 9 10 11 12 13 14 -15 16 17 -18 19 20
uf20-0319 0 41324 57534 57534 1 2 3 4 5 6 7 8 -9 10 -11 12 13 14 15 16 17 18 19 20
uf20-032 0 0 48620 48620 1 2 3 4 5 6 -7 -8 9 -10 11 12 13 14 -15 16 17 18 19 20
uf20-0320 0 0 33705 50874 1 2 -3 4 5 6 7 -8 9 10 11 -12 -13 14 15 16 17 18 19 20
uf20-0321 0 0 42552 42552 1 2 3 4 5 6 -7 -8 9 10 11 12 13 -14 15 16 -17 18 19 -20
uf20-0322 0 0 36666 49034 1 -2 3 -4 5 6 7 8 9 10 11 12 13 -14 -15 16 17 18 19 -20
uf20-0323 0 0 26276 28528 -1 -2 -3 4 5 6 -7 -8 9 10 11 12 -13 14 -15 16 17 18 -19 20
uf20-0324 0 0 45603 45603 1 2 3 4 5 -6 7 8 9 10 11 -12 13 -14 15 16 -17 18 19 -20
uf20-0325 0 25544 27410 58467 1 2 -3 4 5 6 7 8 9 -10 11 12 13 14 15 16 17 18 19 20
uf20-0326 0 32475 38926 38926 -1 2 3 4 5 -6 7 8 9 -10 -11 12 -13 14 -15 -16 17 18 19 20
uf20-0327 0 0 39712 43761 1 2 3 4 5 6 7 8 9 10 -11 -12 13 14 15 16 -17 18 19 20
uf20-0328 0 41545 41545 41545 -1 2 3 4 5 6 -7 -8 -9 -10 11 12 13 14 15 16 17 -18 19 20
uf20-0329 0 30369 36268 36268 -1 2 3 4 5 6 7 -8 9 -10 11 12 -13 14 15 16 -17 -18 19 -20
uf20-0330 0 0 28071 28071 1 2 -3 4 -5 -6 7 -8 9 10 11 12 13 14 -15 16 -17 -18 -19 20
uf20-0331 0 0 41888 41888 1 2 -3 4 5 6 7 8 9 10 11 -12 13 -14 15 -16 17 -18 19 -20
uf20-0332 0 0 0 34866 1 -2 -3 -4 5 6 -7 -8 9 10 11 12 -13 14 15 16 -17 18 -19 20
uf20-0333 0 0 49999 50051 1 -2 3 4 5 6 7 -8 9 10 11 12 -13 14 15 16 17 18 -19 20
uf20-0334 0 27293 31536 32465 -1 -2 -3 4 5 6 7 -8 9 -10 11 12 -13 14 -15 16 17 18 19 20
uf20-0335 0 28230 31207 43323 -1 2 3 4 5 6 7 8 9 10 -11 -12 13 -14 15 16 17 -18 19 20
uf20-0336 0 0 13408 25927 1 -2 3 -4 -5 -6 7 -8 -9 10 -11 -12 13 -14 15 16 17 -18 19 20
uf20-0337 0 38416 44049 44049 1 2 3 -4 5 6 7 8 9 -10 -11 12 13 14 15 16 17 -18 19 20
uf20-0338 0 0 28921 36297 1 2 3 4 5 -6 7 -8 9 10 11 12 -13 -14 -15 16 17 18 -19 -20
uf20-0339 0 0 56979 56979 -1 2 3 4 5 6 7 8 9 -10 11 12 13 14 15 16 17 18 19 20
uf20-034 0 40547 53670 53670 1 2 3 4 5 -6 7 8 9 10 11 12 13 -14 15 16 17 18 19 -20
uf20-0342 0 0 41102 44824 1 2 -3 4 5 -6 -7 8 9 10 11 12 -13 14 -15 16 17 18 19 20
uf20-0343 0 0 36990 36990 -1 -2 -3 4 5 6 -7 8 9 -10 -11 12 13 14 15 -16 17 18 19 20
uf20-0344 0 0 40645 42314 1 2 -3 4 5 6 7 -8 9 10 11 -12 13 -14 15 -16 17 18 19 -20
uf20-0345 0 0 51115 51115 1 2 3 4 -5 -6 7 8 9 10 11 -12 13 14 -15 16 17 18 19 20
uf20-0346 0 0 0 36961 1 2 -3 4 5 6 -7 -8 9 -10 -11 12 13 -14 15 16 17 18 -19 20
uf20-0347 0 23235 52489 52489 1 2 3 4 -5 6 7 8 9 10 11 12 13 14 15 16 -17 18 -19 20
uf20-0348 0 42055 56989 56989 1 2 3 4 5 6 7 8 9 10 -11 12 13 -14 15 16 17 18 19 20
uf20-0349 0 0 33527 33527 1 -2 -3 4 -5 6 -7 -8 9 10 11 12 13 -14 15 -16 -17 18 19 20
uf20-035 0 44035 53093 53093 1 2 3 -4 5 6 -7 8 9 10 11 12 -13 14 -15 16 17 18 19 20
uf20-0350 0 0 0 26770 1 -2 -3 4 -5 -6 -7 8 9 -10 -11 -12 13 14 15 -16 17 18 19 20
uf20-0351 0 0 52473 52473 1 2 3 4 5 6 7 8 9 -10 -11 12 13 14 15 16 -17 18 19 20
uf20-0352 0 0 0 46029 1 2 3 4 5 6 -7 8 9 -10 -11 -12 13 14 15 16 17 18 19 20
uf20-0353 0 0 58717 58717 1 2 3 4 5 -6 7 8 9 10 11 12 -13 14 15 16 17 18 19 20
uf20-0354 0 37462 41738 41738 -1 2 3 -4 -5 6 7 8 9 -10 11 12 -13 14 -15 16 17 18 19 20
uf20-0355 0 0 51226 57852 1 2 3 4 5 6 7 8 9 10 11 12 13 -14 15 16 17 -18 19 20
uf20-0356 0 0 56798 56798 1 2 3 4 5 6 7 8 9 10 -11 -12 13 14 15 16 17 18 -19 20
uf20-0357 0 34962 42640 42640 1 2 3 4 5 -6 -7 -8 -9 10 11 12 13 14 15 -16 17 -18 19 20
uf20-0358 0 38032 49624 49624 1 2 3 4 5 6 -7 -8 9 10 11 -12 13 14 -15 16 17 18 19 20
uf20-0359 0 0 34291 34291 -1 2 -3 4 5 -6 7 8 9 10 -11 12 13 -14 -15 16 -17 18 19 20
uf20-036 0 44127 48541 48541 -1 2 3 4 5 6 -7 8 9 10 11 -12 13 14 15 16 17 18 19 -20
uf20-0360 0 38012 45550 45550 1 2 3 4 -5 6 7 -8 9 10 11 12 -13 14 15 16 -17 -18 19 20
uf20-0361 0 0 47914 47914 1 2 3 4 5 6 7 8 9 -10 11 12 13 14 15 -16 -17 18 19 20
uf20-0362 0 0 36459 36459 1 2 3 -4 5 6 7 -8 9 10 -11 12 13 14 -15 -16 17 -18 19 20
uf20-0363 0 0 52332 52332 1 2 -3 4 5 -6 7 8 9 10 11 12 13 14 15 16 17 -18 19 20
uf20-0364 0 34135 44426 44426 1 2 3 4 5 6 7 8 9 10 -11 -12 13 -14 15 16 17 -18 19 -20
uf20-0365 0 0 0 38436 -1 2 -3 -4 5 6 7 8 -9 10 11 12 13 14 15 -16 -17 18 19 20
uf20-0366 0 0 45294 45294 1 2 3 4 -5 6 7 8 9 10 -11 -12 -13 14 15 16 17 18 19 -20
uf20-0367 0 0 35797 35797 1 -2 3 4 -5 -6 7 8 9 -10 11 12 -13 14 15 16 17 18 -19 -20
uf20-0368 0 0 51688 51688 -1 -2 3 -4 5 6 7 8 9 10 11 12 13 14 15 16 17 18 19 20
uf20-0369 0 0 44706 44706 -1 2 3 4 -5 -6 7 8 9 10 -11 12 13 14 15 16 17 18 -19 20
uf20-037 0 36547 45376 45376 -1 2 -3 4 5 6 7 8 9 -10 11 12 13 14 -15 -16 17 18 19 20
uf20-0370 0 0 31014 31014 1 -2 3 4 -5 6 7 -8 9 10 -11 12 -13 14 15 16 17 18 -19 -20
uf20-0371 0 0 0 48279 -1 2 3 4 5 6 7 -8 9 10 -11 12 13 14 15 16 -17 -18 19 20
uf20-0372 0 0 41428 41428 1 -2 -3 4 5 6 7 -8 9 -10 11 12 13 14 15 -16 17 18 19 20
uf20-0373 0 0 33438 33438 1 2 3 4 -5 -6 7 8 9 10 -11 12 13 14 -15 -16 -17 -18 19 20
uf20-0374 0 0 33088 33088 -1 -2 3 -4 5 6 7 8 -9 10 11 -12 -13 -14 -15 16 -17 18 19 20
uf20-0375 0 0 32822 32822 1 2 3 4 5 -6 7 -8 9 -10 11 12 13 -14 15 16 -17 18 -19 -20
uf20-0376 0 36560 45740 45740 1 2 -3 -4 5 6 7 8 9 10 11 12 13 -14 15 16 17 -18 19 -20
uf20-0377 0 0 56105 58122 1 2 3 4 5 6 7 -8 9 10 11 12 13 14 15 16 17 18 -19 20
uf20-0378 0 29673 34774 49041 1 2 3 4 5 6 7 -8 -9 10 11 12 -13 14 -15 -16 17 18 19 20
uf20-0379 0 42221 49115 49115 1 2 3 4 -5 6 7 8 9 10 -11 12 13 14 -15 16 17 -18 19 20
uf20-038 0 0 38287 38287 1 2 3 4 5 -6 7 8 -9 10 -11 12 -13 14 -15 -16 17 18 19 -20
uf20-0380 0 24337 41858 41858 1 2 3 4 5 6 -7 8 9 10 11 12 13 -14 15 16 -17 18 -19 -20
uf20-0381 0 0 48384 50518 1 2 -3 4 5 -6 7 8 9 10 11 12 13 14 15 16 17 -18 19 20
uf20-0382 0 0 36208 36208 -1 2 -3 4 5 6 7 -8 9 -10 -11 12 -13 14 15 16 17 18 19 20
uf20-0383 0 0 36347 36347 -1 -2 3 4 5 6 7 -8 9 -10 11 -12 13 14 15 -16 17 18 -19 20
uf20-0384 0 34632 43494 43494 1 2 -3 4 5 6 7 8 9 -10 11 -12 13 14 -15 16 17 -18 19 -20
uf20-0385 0 0 44661 44661 1 -2 3 4 5 6 7 8 9 10 -11 -12 13 -14 -15 16 17 18 19 20
uf20-0386 0 0 54859 54859 1 -2 3 4 5 -6 7 8 9 10 11 12 13 14 15 16 17 -18 19 20
uf20-0387 0 32932 38133 38133 -1 2 -3 4 5 6 -7 8 9 -10 11 -12 13 14 15 16 17 18 -19 20
uf20-0388 0 0 44879 44879 1 -2 3 4 5 6 -7 8 9 10 -11 12 13 14 15 -16 -17 18 19 20
uf20-0389 0 0 37941 37941 1 -2 3 4 5 6 -7 -8 -9 -10 11 12 -13 14 15 16 17 18 -19 20
uf20-039 0 25680 42598 42598 -1 2 -3 -4 5 6 7 8 9 -10 -11 12 13 14 15 16 17 18 -19 20
uf20-0390 0 0 0 50322 1 2 3 4 5 6 7 8 9 10 -11 -12 13 14 -15 16 17 18 -19 20
uf20-0391 0 0 45727 45808 1 -2 3 4 5 -6 7 -8 9 10 11 12 13 -14 -15 16 17 18 19 20
uf20-0392 0 0 42865 43016 1 2 -3 4 5 6 7 -8 9 10 11 -12 13 14 -15 -16 17 18 19 20
uf20-0393 0 39647 49741 49741 1 2 3 4 5 6 7 8 9 10 11 12 13 14 15 16 -17 18 -19 -20
uf20-0394 0 0 38571 38571 1 -2 -3 4 -5 6 7 8 9 -10 11 12 13 14 15 -16 -17 18 -19 20
uf20-0395 0 0 57342 57342 1 2 3 4 5 -6 7 8 9 10 -11 12 13 14 15 16 17 18 19 20
uf20-0396 0 0 36909 36994 1 2 3 4 5 6 7 -8 9 10 11 12 -13 14 -15 16 -17 -18 19 20
uf20-0397 0 0 37743 38959 1 -2 3 -4 5 6 -7 8 9 10 11 12 -13 -14 15 -16 17 18 19 20
uf20-0398 0 0 52284 52284 1 2 3 4 -5 6 7 8 9 10 11 12 13 -14 15 -16 17 18 19 20
uf20-0399 0 0 38052 38052 1 2 -3 -4 -5 6 7 8 -9 -10 11 12 -13 14 15 16 -17 18 19 20
uf20-04 0 0 105544 105544 -1 -2 3 4 5 -6 7 8 -9 10 11 -12 13 14 -15 16 17 18 19 20
uf20-040 0 0 37289 37289 1 2 3 4 5 6 -7 -8 9 10 -11 12 -13 -14 -15 16 17 -18 19 20
uf20-0400 0 37902 45535 45535 -1 2 3 4 5 6 7 -8 9 10 -11 12 13 14 15 16 17 18 -19 20
uf20-0401 0 0 55118 55724 1 2 -3 4 5 -6 7 8 9 10 11 12 13 14 15 16 17 18 19 20
uf20-0402 0 0 32423 34314 1 -2 3 -4 5 -6 7 8 9 -10 -11 12 13 14 -15 16 -17 -18 19 20
uf20-0403 0 0 52479 52479 1 2 3 4 5 -6 7 -8 9 10 11 12 13 14 15 16 17 -18 19 20
uf20-0404 0 0 39936 40105 1 -2 -3 -4 5 6 7 8 -9 10 11 12 13 14 -15 -16 17 18 19 20
uf20-0405 0 0 35414 35414 -1 2 3 4 5 6 7 -8 9 10 -11 -12 -13 14 15 16 17 18 19 -20
uf20-0406 0 0 0 41124 1 2 3 -4 5 6 7 -8 9 10 -11 12 -13 14 -15 -16 17 18 19 20
uf20-0407 0 0 51011 51011 1 -2 3 4 5 6 7 8 9 10 11 12 13 -14 15 -16 17 18 19 20
uf20-0408 0 0 52287 57431 1 2 3 4 5 6 7 8 9 -10 11 -12 13 14 15 16 17 18 19 20
uf20-0409 0 0 35760 35760 1 2 3 -4 5 6 7 8 -9 -10 11 -12 -13 14 -15 -16 17 18 19 20
uf20-041 0 0 53702 53702 -1 2 -3 -4 5 6 7 8 9 10 11 12 13 14 15 16 17 18 19 20
uf20-0410 0 26483 42318 49087 1 2 3 4 5 6 7 -8 9 -10 -11 12 13 14 15 16 17 -18 19 20
uf20-0411 0 40006 53071 53071 1 2 3 -4 5 6 7 8 9 10 11 12 -13 -14 15 16 17 -18 19 20
uf20-0412 0 0 44199 44199 -1 2 3 4 5 -6 7 8 9 10 11 12 -13 14 15 -16 17 18 19 -20
uf20-0413 0 0 59765 61527 1 2 3 4 5 6 7 8 9 10 11 -12 13 -14 15 16 17 18 19 20
uf20-0414 0 0 55729 55729 1 2 -3 4 5 6 7 -8 9 10 11 12 13 14 15 16 -17 18 19 20
uf20-0415 0 0 20104 30653 -1 -2 3 4 5 -6 7 -8 9 10 11 12 -13 -14 15 16 -17 -18 19 20
uf20-0416 0 0 51375 55494 1 -2 3 4 5 6 7 8 9 10 -11 12 13 14 -15 16 17 18 19 20
uf20-0417 0 35366 49952 49952 1 2 3 4 -5 6 7 8 9 10 -11 -12 13 14 15 16 17 18 19 20
uf20-0418 0 40933 53175 53175 -1 2 3 4 5 6 7 8 9 10 -11 12 13 14 15 -16 17 18 19 20
uf20-0419 0 0 34373 35286 1 -2 3 4 -5 6 -7 8 9 10 11 -12 13 14 -15 16 -17 18 -19 20
uf20-042 0 39753 42581 42581 1 2 3 4 5 6 7 8 -9 10 -11 12 13 -14 -15 16 17 -18 19 20
uf20-0420 0 0 46848 46848 1 2 -3 4 5 6 -7 8 9 10 11 -12 13 14 15 16 17 18 -19 20
uf20-0421 0 25336 28190 28376 -1 2 -3 -4 5 6 -7 8 9 10 11 12 -13 -14 -15 16 17 -18 19 20
uf20-0422 0 0 58426 58426 1 2 3 4 5 6 7 8 9 10 -11 12 13 -14 15 16 17 -18 19 20
uf20-0423 0 28528 34457 34457 -1 2 -3 -4 5 6 7 8 9 10 11 12 13 14 15 -16 17 -18 -19 -20
uf20-0424 0 39136 43711 43711 1 2 3 4 5 6 7 8 -9 -10 11 -12 13 14 -15 16 17 18 -19 -20
uf20-0425 37548 44380 44380 44380 1 2 3 4 -5 6 -7 8 -9 10 11 12 13 14 15 16 17 -18 19 20
uf20-0426 0 0 45563 45563 1 -2 3 4 5 -6 7 -8 9 -10 11 12 13 -14 15 16 17 18 19 20
uf20-0427 0 37502 43466 43466 1 2 3 4 5 -6 7 8 9 10 11 12 -13 14 15 16 17 -18 19 -20
uf20-0428 0 25836 34150 34150 1 2 3 -4 5 -6 -7 8 9 10 11 -12 -13 -14 15 16 -17 18 19 20
uf20-0429 0 43109 55501 55501 1 2 3 4 -5 -6 7 8 9 10 11 12 13 14 15 16 -17 18 19 20
uf20-043 0 29703 36124 36124 -1 2 3 -4 5 6 7 8 9 10 11 12 13 -14 -15 -16 17 -18 19 -20
uf20-0430 0 0 21037 30847 1 -2 -3 4 5 6 7 8 9 10 11 12 13 -14 -15 -16 17 18 -19 20
uf20-0431 0 0 48263 48263 1 2 3 4 5 -6 7 8 -9 10 11 -12 13 14 -15 16 17 18 19 20
uf20-0432 0 39007 45900 45900 1 2 3 4 -5 6 7 8 9 -10 11 12 -13 14 15 16 17 18 -19 -20
uf20-0433 0 0 0 40550 -1 2 3 4 5 6 7 8 9 10 -11 -12 13 -14 15 -16 17 18 19 -20
uf20-0434 0 43114 48908 48908 1 2 3 4 -5 6 7 8 -9 10 11 12 -13 14 15 16 17 18 -19 20
uf20-0435 0 0 43172 43172 1 2 3 4 5 6 7 -8 9 -10 11 12 13 14 15 16 -17 18 -19 -20
uf20-0436 0 41867 50325 50325 -1 2 3 4 -5 6 7 8 9 10 11 12 13 -14 15 16 17 18 -19 20
uf20-0437 0 0 0 35715 1 -2 3 4 5 6 -7 8 9 10 11 12 -13 -14 -15 16 17 18 19 -20
uf20-0438 0 36784 44282 44282 -1 -2 3 4 -5 6 7 8 9 10 11 12 13 14 15 16 17 18 -19 -20
uf20-0439 0 40559 49462 49462 1 2 3 -4 5 -6 7 -8 -9 10 11 12 13 14 15 16 17 18 19 20
uf20-044 0 0 32876 32876 -1 -2 3 4 5 6 7 -8 9 -10 11 12 13 14 15 -16 -17 -18 19 20
uf20-0440 0 0 33314 33314 1 2 3 -4 5 -6 7 8 -9 10 11 12 13 -14 15 -16 -17 -18 19 20
uf20-0441 0 42704 45683 45683 1 2 3 4 5 6 7 8 -9 10 11 12 -13 -14 15 16 17 -18 19 20
uf20-0442 0 27953 31282 31282 -1 -2 3 -4 5 6 -7 8 9 10 11 12 13 -14 15 -16 17 -18 19 -20
uf20-0443 0 0 26155 33876 1 2 -3 -4 5 -6 7 8 -9 10 -11 12 13 14 -15 -16 17 18 19 20
uf20-0444 0 0 0 32983 -1 2 -3 4 -5 6 7 8 -9 10 -11 12 -13 14 15 -16 -17 18 19 20
uf20-0445 0 36080 43725 43725 1 2 3 4 -5 -6 7 8 -9 10 11 12 -13 -14 15 16 17 18 19 20
uf20-0446 0 0 41383 41383 1 2 -3 4 5 -6 -7 8 9 10 -11 12 13 14 15 16 17 18 19 20
uf20-0447 0 0 37599 37599 1 2 3 4 -5 6 -7 8 9 10 -11 12 13 14 15 -16 17 -18 -19 20
uf20-0448 0 0 58255 58255 1 2 -3 4 5 -6 7 8 9 10 11 12 13 14 15 16 17 18 19 -20
uf20-0449 0 19823 47734 47734 -1 2 3 4 5 -6 7 8 9 10 11 -12 13 -14 15 16 17 18 19 -20
uf20-045 0 80004 95429 95429 1 2 -3 4 -5 6 7 8 -9 10 11 -12 -13 14 15 16 17 18 19 20
uf20-0450 0 0 35219 35219 -1 2 3 -4 -5 -6 7 -8 9 10 11 12 13 -14 15 16 17 18 -19 20
uf20-0451 0 0 0 44521 1 -2 -3 4 5 6 7 8 9 10 11 12 -13 14 15 16 17 18 19 -20
uf20-0452 0 0 40874 40874 -1 2 3 4 5 6 7 8 9 10 11 12 13 -14 -15 -16 -17 18 19 -20
uf20-0453 0 0 36052 36052 1 2 -3 -4 5 6 -7 -8 9 10 11 12 13 14 -15 -16 17 -18 19 20
uf20-0454 0 38139 42174 42174 1 2 3 -4 5 -6 7 8 -9 -10 11 12 13 14 15 16 17 18 19 20
uf20-0455 0 0 45621 45621 1 2 3 -4 5 -6 -7 8 9 10 11 -12 13 14 15 16 -17 18 19 20
uf20-0456 0 46534 51079 51079 -1 2 3 4 5 6 7 8 9 -10 11 12 13 14 15 16 -17 -18 19 20
uf20-0457 0 81820 103432 103432 1 2 -3 4 -5 6 7 8 9 10 11 12 -13 14 15 16 17 18 -19 20
uf20-0458 0 0 0 94841 1 -2 -3 -4 5 -6 7 8 9 -10 11 12 13 -14 15 16 -17 18 19 20
uf20-0459 0 64004 73203 78880 1 2 3 4 5 6 7 -8 -9 -10 -11 12 13 -14 -15 16 17 18 -19 -20
uf20-046 0 0 107675 107675 1 2 -3 -4 5 6 7 -8 9 10 11 12 13 14 15 -16 17 18 19 20
uf20-0460 0 100587 112536 119292 1 2 3 4 5 6 7 8 -9 10 11 12 13 -14 15 -16 17 18 19 20
uf20-0461 0 0 0 114546 1 2 -3 4 5 6 7 8 -9 -10 -11 -12 13 14 15 16 17 18 19 20
uf20-0462 0 122753 145199 145199 -1 2 3 4 5 6 7 8 9 10 11 -12 13 14 15 16 17 18 19 20
uf20-0463 0 0 98145 98155 1 2 -3 -4 5 6 7 -8 9 10 11 12 13 14 15 16 17 18 -19 20
uf20-0464 0 69490 89071 89071 1 2 -3 -4 5 -6 7 8 9 -10 11 12 13 14 15 -16 17 -18 19 -20
uf20-0465 0 0 109609 109609 1 2 3 4 5 6 7 -8 9 -10 -11 12 13 14 15 16 17 -18 19 -20
uf20-0466 0 0 81111 81111 1 2 -3 4 5 6 7 8 -9 10 -11 12 -13 14 15 -16 -17 18 -19 20
uf20-0467 0 0 75591 86191 1 -2 3 4 5 -6 7 8 9 -10 11 12 -13 14 -15 -16 17 -18 19 20
uf20-0468 0 0 75356 87749 1 -2 3 4 5 6 7 -8 9 -10 11 12 13 -14 15 -16 -17 -18 19 20
uf20-0469 0 0 0 107821 1 -2 -3 4 5 6 -7 -8 9 10 -11 12 13 14 15 -16 17 18 19 20
uf20-047 0 0 80225 106615 -1 -2 3 4 -5 6 7 -8 9 -10 11 12 13 -14 15 16 17 18 19 20
uf20-0470 0 0 98892 107458 1 2 3 4 5 6 7 8 9 -10 11 12 13 14 15 -16 17 18 -19 20
uf20-0471 0 0 94573 94573 1 2 3 -4 5 6 7 -8 9 10 11 -12 13 -14 15 16 -17 18 -19 20
uf20-0472 0 111756 130842 130842 -1 2 3 -4 5 6 7 8 9 10 11 12 13 14 15 16 -17 18 19 20
uf20-0473 0 96828 113685 113685 1 2 3 4 5 -6 -7 8 9 10 11 12 13 14 -15 -16 17 18 19 -20
uf20-0474 0 0 101821 101821 1 -2 -3 4 -5 6 7 8 9 10 11 12 13 -14 15 16 17 -18 19 -20
uf20-0475 0 0 99011 99011 1 2 3 -4 5 -6 7 8 -9 10 11 12 13 -14 15 16 17 -18 -19 20
uf20-0476 0 0 90229 108020 1 2 -3 4 5 -6 7 -8 9 10 -11 12 13 14 -15 -16 17 18 19 20
uf20-0477 0 0 116058 116058 1 2 3 4 5 6 -7 8 9 -10 11 -12 13 14 -15 16 -17 18 19 20
uf20-0478 0 0 112187 112187 1 2 -3 -4 5 6 7 8 9 10 11 12 13 14 15 -16 -17 18 -19 20
uf20-0479 0 96673 96673 96673 -1 2 3 -4 -5 6 -7 8 -9 10 11 -12 13 14 15 16 17 18 19 20
uf20-048 0 105160 120046 120046 1 2 3 -4 5 6 7 8 -9 10 11 12 13 14 15 16 -17 18 19 -20
uf20-0480 0 109972 134973 134973 1 2 3 4 5 6 7 8 9 -10 11 12 13 14 15 16 17 18 -19 20
uf20-0481 0 90050 110777 110777 1 2 -3 4 -5 6 7 8 -9 10 -11 12 13 14 15 -16 17 18 19 20
uf20-0482 0 0 95581 95581 -1 -2 3 4 -5 6 7 8 -9 10 -11 12 13 14 -15 16 17 18 19 20
uf20-0483 0 0 112826 112826 -1 2 -3 4 5 -6 7 8 9 -10 11 12 13 14 15 16 17 18 19 20
uf20-0484 0 68191 98397 98397 1 2 3 4 5 6 7 8 -9 -10 11 -12 13 14 15 16 17 -18 -19 20
uf20-0485 0 97439 100924 100924 -1 2 3 -4 5 6 -7 8 9 -10 11 12 13 14 15 16 -17 18 19 20
uf20-0486 0 0 74725 74725 -1 -2 3 -4 5 6 7 -8 9 -10 11 12 13 14 15 -16 17 -18 19 20
uf20-0487 0 109048 127663 127663 1 2 3 4 5 6 -7 8 9 10 11 12 13 14 15 -16 17 18 19 20
uf20-0488 0 0 121771 121771 1 2 3 4 5 6 -7 8 9 10 11 12 13 14 15 16 17 18 -19 -20
uf20-0489 0 112987 124382 124382 1 2 3 4 5 6 -7 8 -9 10 11 12 13 14 -15 -16 17 18 19 20
uf20-049 0 0 99383 99383 -1 -2 -3 4 -5 6 7 8 -9 10 11 12 13 14 15 16 -17 18 -19 20
uf20-0490 0 0 109823 124338 1 -2 3 4 5 -6 7 8 9 10 11 12 13 14 -15 16 17 18 -19 20
uf20-0491 0 0 123685 123685 1 2 3 -4 5 6 7 8 9 -10 11 12 13 14 15 16 17 18 19 20
uf20-0492 0 0 118398 118398 1 2 3 4 5 6 7 -8 9 -10 11 12 -13 -14 15 16 17 18 19 20
uf20-0493 0 0 110996 110996 1 2 -3 4 5 6 7 8 9 -10 11 12 -13 14 15 16 17 -18 19 20
uf20-0494 0 112237 126595 126595 1 2 -3 4 5 6 7 8 9 10 -11 -12 13 14 15 16 17 18 19 20
uf20-0495 0 0 104359 104359 1 -2 3 4 5 6 7 -8 -9 10 11 12 -13 -14 15 16 17 18 19 20
uf20-0496 0 92170 119944 121724 1 2 3 4 5 -6 -7 8 9 10 -11 12 -13 14 15 16 17 18 19 20
uf20-0497 0 76030 83714 83714 1 2 -3 4 -5 6 7 8 -9 -10 11 12 13 -14 15 16 17 -18 19 -20
uf20-0498 0 105530 116335 116335 1 2 3 -4 5 6 7 -8 9 10 11 12 13 14 15 16 17 -18 19 -20
uf20-0499 0 126932 139478 139675 1 2 3 4 5 6 7 8 -9 10 11 12 13 14 15 16 17 18 19 20
uf20-05 0 0 97286 97286 -1 2 -3 4 5 6 7 8 -9 10 -11 12 13 -14 15 16 -17 18 -19 20
uf20-050 0 0 99518 99518 -1 2 3 4 5 6 7 8 9 10 -11 12 -13 14 15 -16 -17 18 -19 20
uf20-0500 0 72226 85156 85156 1 2 3 -4 -5 6 7 8 -9 10 11 12 13 -14 15 16 -17 18 -19 -20
uf20-0501 0 91215 101323 113450 1 2 3 4 -5 6 -7 8 9 -10 11 12 13 14 -15 16 17 18 -19 20
uf20-0502 0 0 108157 108157 1 -2 3 4 5 6 7 8 9 10 11 -12 13 14 15 16 17 18 -19 20
uf20-0503 0 0 0 86765 1 2 -3 4 5 6 -7 8 9 10 -11 -12 13 14 -15 -16 17 18 19 -20
uf20-0504 0 0 0 96241 1 -2 -3 4 -5 6 7 8 9 -10 11 12 13 14 15 16 17 18 -19 20
uf20-0505 0 0 95016 101486 -1 2 3 4 5 6 -7 -8 9 10 11 12 -13 -14 15 16 -17 18 19 20
uf20-0506 0 113938 132924 132924 1 2 3 4 5 6 7 8 9 -10 -11 12 13 14 15 16 17 18 19 20
uf20-0507 0 0 93762 93762 1 2 3 4 5 6 7 8 9 -10 -11 12 -13 14 15 -16 17 -18 -19 20
uf20-0508 0 0 76820 76820 -1 2 3 -4 -5 -6 -7 8 9 10 11 -12 13 -14 15 16 17 18 19 20
uf20-0509 0 0 97387 97387 -1 2 3 4 5 6 7 8 9 10 -11 12 -13 14 15 16 -17 18 19 -20
uf20-051 0 0 118603 118603 1 2 -3 4 5 6 -7 8 9 10 11 12 13 -14 15 -16 17 18 19 20
uf20-0510 0 59002 88059 88059 1 2 -3 4 -5 6 7 8 -9 10 -11 12 -13 14 15 16 17 -18 19 20
uf20-0511 0 103343 129752 129752 1 -2 3 4 5 6 7 8 9 10 11 -12 13 14 15 16 17 18 19 -20
uf20-0512 0 0 97913 97913 1 -2 3 4 5 6 7 -8 9 -10 11 -12 -13 14 15 16 17 18 -19 20
uf20-0513 0 0 87037 87037 1 2 3 -4 5 -6 7 8 9 -10 -11 12 -13 -14 -15 16 17 18 19 20
uf20-0514 0 0 119307 119307 1 2 3 -4 -5 6 7 8 9 -10 11 -12 13 -14 15 16 17 18 19 20
uf20-0515 0 0 103832 105418 1 2 3 4 -5 -6 7 8 9 10 -11 12 -13 14 -15 16 17 18 19 20
uf20-0516 0 0 0 119139 1 2 3 4 5 6 7 -8 9 10 11 -12 -13 14 15 16 17 18 19 20
uf20-0517 0 95109 123890 123890 1 2 3 4 -5 6 7 8 9 10 11 12 13 14 -15 16 -17 -18 19 20
uf20-0518 0 0 104880 104880 1 -2 3 -4 -5 6 7 -8 9 10 11 12 13 14 15 16 -17 18 -19 20
uf20-0519 0 0 94255 108937 1 -2 -3 4 -5 -6 7 8 9 10 -11 12 13 14 15 16 -17 18 19 20
uf20-052 0 127440 127440 127440 -1 2 3 4 5 6 -7 8 -9 -10 11 12 13 14 15 16 17 18 19 20
uf20-0520 0 110393 119407 119407 1 2 3 -4 5 6 7 -8 9 10 11 -12 13 14 15 16 17 18 19 -20
uf20-0521 0 0 77870 98495 1 2 3 -4 5 6 7 -8 -9 10 11 12 13 -14 15 -16 17 18 -19 20
uf20-0522 0 94672 118472 118472 1 2 3 4 5 6 7 -8 9 -10 11 12 -13 14 15 16 17 18 19 20
uf20-0523 0 0 80086 108340 1 2 3 4 5 -6 7 -8 9 10 -11 12 -13 14 15 -16 17 18 19 20
uf20-0524 0 0 118999 118999 1 -2 3 4 -5 6 7 8 9 10 11 12 13 14 15 -16 -17 18 -19 20
uf20-0525 0 74348 101121 101121 -1 2 3 4 5 6 7 8 -9 10 11 12 -13 14 -15 16 17 18 19 20
uf20-0526 0 74949 94543 97025 -1 2 -3 4 5 6 7 8 -9 10 11 12 13 14 -15 16 17 18 -19 -20
uf20-0527 0 126135 131744 131744 1 2 3 -4 5 6 7 8 9 -10 11 12 13 14 15 16 17 18 19 20
uf20-0528 0 0 97834 97834 -1 2 3 4 -5 6 7 8 9 10 11 12 -13 -14 15 16 -17 -18 19 20
uf20-0529 0 0 117141 117141 1 2 -3 4 5 6 7 -8 9 -10 11 12 13 14 15 -16 17 -18 19 20
uf20-053 0 132586 143419 143419 1 2 3 -4 5 6 7 8 9 10 11 12 13 14 15 16 17 -18 19 20
uf20-0530 0 100507 112025 112025 1 2 3 -4 5 6 7 -8 9 -10 11 12 13 14 15 16 17 -18 19 20
uf20-0531 0 80096 84599 105096 1 2 3 4 -5 6 -7 8 9 10 -11 12 13 14 15 16 -17 18 19 -20
uf20-0532 0 0 89801 89801 1 2 3 -4 5 6 7 -8 9 10 11 -12 -13 14 15 16 -17 -18 -19 20
uf20-0533 0 0 99778 128258 1 2 3 4 5 6 7 8 -9 10 11 12 13 -14 15 16 17 18 19 -20
uf20-0534 0 0 124638 124638 1 -2 3 4 5 -6 7 8 9 10 11 12 13 14 15 16 17 -18 19 20
uf20-0535 0 62753 81998 81998 -1 -2 3 4 5 6 7 -8 -9 10 -11 12 13 14 -15 16 17 18 19 -20
uf20-0536 0 0 83423 86268 1 -2 3 -4 5 -6 7 8 9 10 -11 12 13 14 15 16 17 -18 -19 -20
uf20-0537 0 91391 114624 114624 -1 2 3 4 -5 6 7 -8 9 10 11 12 13 14 15 16 17 18 -19 20
uf20-0538 0 0 102695 102695 -1 2 3 4 5 6 7 8 9 -10 11 12 13 -14 -15 16 -17 18 19 -20
uf20-0539 0 0 109003 109003 1 2 3 -4 5 -6 7 8 9 10 11 12 13 -14 15 16 -17 18 -19 20
uf20-054 0 87834 91912 91912 -1 -2 3 -4 5 6 -7 8 -9 10 11 12 13 -14 15 16 17 18 19 20
uf20-0540 0 0 104245 104245 -1 -2 3 -4 5 6 7 -8 -9 10 11 12 13 14 15 16 -17 18 19 20
uf20-0541 0 0 91971 97845 -1 2 3 4 -5 6 -7 8 9 10 -11 12 13 14 15 -16 -17 18 19 20
uf20-0542 0 0 120735 120735 1 2 3 -4 5 6 -7 8 9 10 11 -12 -13 14 15 16 17 18 19 20
uf20-0543 0 116328 126497 126497 1 2 3 4 5 6 7 -8 -9 10 11 12 13 14 15 16 17 18 19 -20
uf20-0544 0 0 0 103062 1 2 3 -4 5 6 7 8 9 10 11 12 -13 14 -15 -16 17 18 19 -20
uf20-0545 0 0 123432 123432 1 2 3 4 5 -6 7 -8 9 10 11 12 13 14 -15 16 17 18 19 -20
uf20-0546 0 0 99121 99121 -1 2 3 4 5 6 7 -8 9 10 11 12 13 -14 15 16 -17 18 19 -20
uf20-0547 0 100994 134308 134308 1 2 3 4 -5 -6 7 8 9 10 11 12 13 14 15 16 17 18 19 20
uf20-0548 0 75251 100877 100877 1 -2 -3 4 5 6 7 8 9 -10 -11 12 13 14 15 16 17 18 -19 20
uf20-0549 0 86738 95574 95574 -1 2 3 4 -5 6 -7 8 9 -10 11 12 13 -14 15 -16 17 18 19 20
uf20-055 0 0 97431 97431 1 -2 3 4 -5 -6 -7 8 9 10 11 -12 13 14 15 16 -17 18 19 20
uf20-0550 0 0 0 110625 1 -2 3 4 5 6 -7 8 -9 10 11 12 13 -14 15 16 -17 18 19 20
uf20-0551 0 0 85240 100937 1 -2 3 4 -5 -6 7 8 9 10 -11 12 13 14 15 16 -17 18 19 20
uf20-0552 0 0 87734 130073 1 2 3 -4 5 6 7 -8 9 10 11 -12 13 14 15 16 17 18 19 20
uf20-0553 0 0 94140 94140 1 2 3 4 -5 6 7 8 9 -10 -11 12 13 -14 15 -16 -17 18 19 -20
uf20-0554 0 0 0 142394 1 2 3 -4 5 6 7 8 9 10 11 12 13 14 15 16 17 18 19 20
uf20-0555 0 0 103306 103306 1 2 3 -4 5 6 7 -8 -9 10 11 12 -13 14 15 16 17 18 -19 20
uf20-0556 0 119712 124348 124348 1 2 3 4 5 6 7 -8 -9 10 -11 12 13 14 15 16 17 18 19 20
uf20-0557 0 0 81938 83645 1 -2 -3 -4 5 6 -7 8 -9 10 11 -12 13 14 15 16 17 18 19 -20
uf20-0558 0 52905 69870 69870 1 -2 3 -4 -5 -6 7 -8 9 -10 11 12 13 14 15 16 -17 18 19 -20
uf20-0559 0 0 0 94220 -1 2 -3 -4 5 6 7 8 -9 10 11 -12 13 -14 15 -16 17 18 19 20
uf20-056 0 0 111722 111722 -1 2 -3 4 5 -6 -7 8 9 10 11 12 13 14 15 16 17 -18 19 20
uf20-0560 0 0 114457 114457 -1 2 3 4 5 -6 7 -8 9 10 -11 12 13 14 -15 16 17 18 19 20
uf20-0561 0 108779 130794 130794 -1 2 3 -4 5 6 7 8 9 10 11 -12 13 14 15 16 17 18 19 20
uf20-0562 0 63651 89943 89943 -1 2 -3 -4 5 -6 -7 8 9 10 11 12 13 14 15 -16 17 18 19 -20
uf20-0563 0 0 120101 120101 1 -2 3 4 5 6 -7 8 9 10 -11 12 13 14 15 16 17 18 19 -20
uf20-0564 0 0 74296 90876 -1 2 3 4 5 -6 7 -8 9 10 -11 -12 13 14 -15 16 -17 18 19 20
uf20-0565 0 0 82426 98420 1 -2 3 4 5 -6 7 8 9 10 11 12 -13 14 -15 -16 17 18 19 20
uf20-0566 0 0 0 89634 1 -2 3 4 -5 -6 -7 -8 9 10 -11 12 13 14 15 -16 17 18 19 20
uf20-0567 0 77566 92493 92493 1 -2 3 -4 -5 6 7 8 9 10 11 12 13 14 15 -16 17 -18 19 -20
uf20-0568 0 92013 103690 103690 1 -2 3 4 -5 6 -7 8 9 10 11 -12 13 14 -15 16 17 -18 19 20
uf20-0569 0 0 78507 79823 -1 2 3 4 5 -6 7 -8 9 10 11 -12 13 -14 15 16 -17 18 19 -20
uf20-057 0 0 116212 116212 1 2 3 4 -5 -6 -7 8 9 10 11 -12 13 14 -15 16 17 18 19 20
uf20-0570 0 0 92971 92971 -1 2 3 -4 5 6 7 8 9 10 -11 12 13 14 15 16 -17 18 -19 20
uf20-0571 0 0 111667 111667 1 -2 -3 -4 5 6 7 8 9 10 11 12 13 14 -15 16 -17 18 19 20
uf20-0572 0 93735 112933 112933 -1 2 -3 4 5 6 7 8 9 10 -11 12 13 14 -15 16 17 18 -19 20
uf20-0573 0 0 105938 105938 -1 2 -3 -4 5 6 7 8 9 10 11 12 13 14 -15 -16 17 18 19 20
uf20-0574 0 119568 135275 135275 1 2 3 4 5 6 7 8 9 10 11 12 13 14 15 16 17 -18 -19 -20
uf20-0575 0 68330 87737 87737 1 -2 -3 4 -5 6 -7 8 9 10 11 12 13 14 15 16 -17 -18 -19 20
uf20-0576 0 0 99520 99520 1 2 -3 4 -5 -6 -7 8 -9 10 11 12 13 14 15 -16 17 18 19 20
uf20-0577 0 0 80454 80454 1 -2 3 4 5 -6 -7 -8 9 10 11 12 13 -14 -15 16 17 -18 19 -20
uf20-0578 0 113428 125200 125200 1 2 3 4 5 6 -7 8 9 -10 -11 12 13 14 15 16 17 -18 19 20
uf20-0579 0 0 133074 133074 1 2 3 4 -5 6 7 8 9 -10 11 12 -13 14 15 16 17 18 19 20
uf20-058 0 0 99534 99534 1 2 3 -4 5 -6 7 -8 -9 10 11 12 13 14 -15 -16 17 18 19 20
uf20-0580 0 0 51485 94355 1 -2 -3 4 5 -6 7 8 9 10 11 -12 13 14 15 -16 17 18 -19 20
uf20-0581 0 105765 118189 118189 -1 2 3 4 5 6 7 8 9 10 11 12 -13 14 15 -16 -17 18 19 20
uf20-0582 0 0 119717 119717 1 -2 3 4 5 -6 7 8 9 10 11 12 13 14 15 -16 -17 18 19 20
uf20-0583 0 0 99901 104596 1 2 -3 4 5 -6 7 -8 9 -10 11 12 13 -14 15 -16 17 18 19 20
uf20-0584 0 0 80802 80802 1 2 -3 -4 5 6 -7 8 9 -10 -11 -12 13 -14 15 16 17 18 19 20
uf20-0585 0 0 82061 125075 1 2 3 4 -5 6 7 8 9 10 -11 -12 13 14 15 16 17 18 19 20
uf20-0586 0 90254 109585 109585 1 2 3 4 5 6 7 8 9 -10 11 -12 -13 14 15 16 -17 18 19 -20
uf20-0587 0 0 75719 75719 1 2 -3 4 5 6 -7 -8 -9 10 11 12 13 -14 15 16 -17 -18 -19 20
uf20-0588 0 0 0 108302 1 -2 3 -4 5 6 7 8 9 10 11 -12 -13 14 15 16 17 18 19 20
uf20-0589 0 90496 137480 137480 1 2 3 4 5 6 -7 8 9 10 -11 12 13 14 15 16 17 18 19 20
uf20-059 0 98019 126624 126624 1 2 3 4 5 6 7 -8 9 -10 11 12 13 14 15 16 -17 18 19 -20
uf20-0590 0 54156 76548 76548 -1 -2 3 -4 -5 6 -7 8 9 10 -11 12 13 14 15 16 17 -18 19 -20
uf20-0591 0 0 0 91642 -1 2 3 -4 5 6 7 -8 -9 10 -11 12 -13 14 15 16 17 18 19 -20
uf20-0592 0 0 88856 88856 1 -2 3 -4 5 6 -7 8 9 10 11 12 13 -14 -15 16 -17 -18 19 20
uf20-0593 0 87283 101422 101422 -1 2 3 4 5 6 -7 8 9 10 -11 12 13 14 -15 16 17 -18 19 20
uf20-0594 0 0 119866 119866 1 2 -3 4 5 6 7 8 9 -10 11 -12 13 14 15 16 17 18 19 -20
uf20-0595 0 105577 114651 114651 -1 2 3 4 5 6 7 8 9 10 11 12 13 14 -15 16 -17 18 19 -20
uf20-0596 0 0 105746 105746 1 -2 -3 4 -5 6 -7 8 9 10 -11 12 13 14 15 16 17 18 19 20
uf20-0597 0 0 0 107674 1 2 3 4 -5 6 7 8 9 10 -11 12 13 14 -15 -16 17 18 19 20
uf20-0598 0 90500 111847 111847 1 2 3 -4 5 6 7 8 9 10 11 12 -13 14 15 16 17 -18 -19 20
uf20-0599 0 51275 85029 85029 1 -2 3 -4 5 6 7 8 -9 10 11 -12 13 14 15 16 -17 18 19 -20
uf20-06 0 0 0 142661 1 2 -3 4 5 -6 7 8 9 10 11 12 13 14 15 16 17 18 19 20
uf20-060 0 0 134061 134061 1 2 3 -4 5 6 7 8 9 -10 11 12 -13 14 15 16 17 18 19 20
uf20-0600 0 0 86910 86910 -1 -2 3 -4 5 6 7 8 9 10 11 12 -13 -14 15 16 17 -18 19 -20
uf20-0601 0 57779 95949 95949 1 2 -3 -4 5 -6 7 8 9 10 -11 12 13 -14 15 -16 17 18 19 20
uf20-0602 0 123267 124844 124844 -1 2 3 4 5 -6 7 8 -9 10 11 12 13 14 15 16 17 -18 19 20
uf20-0603 0 0 87684 105116 1 2 -3 4 5 6 7 8 -9 10 11 12 -13 14 -15 16 17 -18 19 20
uf20-0604 0 92773 125786 125786 1 2 3 4 5 6 7 8 -9 10 11 12 -13 -14 15 16 17 18 19 20
uf20-0605 0 90153 94218 94218 1 -2 3 4 -5 6 -7 8 9 -10 11 12 -13 -14 15 16 17 18 19 20
uf20-0606 0 115994 118462 118462 -1 2 3 -4 5 6 7 8 9 -10 11 12 13 14 15 16 17 18 -19 20
uf20-0607 0 0 126895 126895 1 2 3 4 5 6 7 8 -9 10 11 12 13 -14 15 16 -17 18 19 20
uf20-0608 0 87007 97574 97574 -1 2 3 4 5 6 7 8 -9 10 11 12 -13 14 15 16 17 -18 -19 -20
uf20-0609 0 0 98680 98680 -1 2 3 4 -5 -6 7 -8 9 10 11 12 13 14 -15 16 17 -18 19 20
uf20-061 0 95301 114530 114530 1 2 3 4 5 -6 -7 8 -9 10 11 12 13 14 15 16 17 18 -19 20
uf20-0610 0 109544 123058 123058 1 2 3 4 5 6 7 8 9 -10 11 12 13 -14 -15 16 17 -18 19 20
uf20-0611 0 63559 80163 80163 1 2 3 4 5 6 -7 8 -9 10 11 12 -13 -14 -15 -16 17 18 -19 -20
uf20-0612 0 68764 85597 85597 -1 2 3 4 -5 6 -7 8 9 10 -11 12 13 14 15 -16 17 -18 19 20
uf20-0613 0 83516 92972 92972 -1 2 3 -4 5 6 7 8 9 -10 11 12 13 14 -15 16 -17 18 19 -20
uf20-0614 0 60097 84181 93772 -1 -2 3 -4 5 6 7 -8 9 10 11 -12 -13 14 15 16 17 18 -19 20
uf20-0615 0 0 101488 101488 1 -2 3 4 -5 6 7 8 -9 -10 11 12 13 -14 15 16 17 18 -19 20
uf20-0616 0 0 58195 69868 1 -2 -3 4 5 -6 -7 8 9 -10 11 -12 13 -14 -15 -16 17 18 19 20
uf20-0617 0 0 0 93185 1 -2 3 4 5 -6 7 8 9 10 -11 12 13 14 15 16 17 -18 -19 -20
uf20-0618 0 0 131216 131216 -1 2 3 4 5 6 7 8 9 10 11 12 13 14 -15 -16 17 18 19 20
uf20-0619 0 0 120198 120198 1 -2 3 4 5 6 7 8 -9 10 11 12 13 14 15 16 17 18 19 -20
uf20-062 0 0 74377 74377 1 -2 3 -4 5 6 7 8 9 -10 -11 12 13 -14 -15 16 17 18 -19 20
uf20-0620 0 83243 90245 90245 1 2 3 -4 5 6 -7 8 -9 10 11 12 13 14 15 -16 -17 18 19 -20
uf20-0621 0 0 114354 114354 -1 2 3 4 -5 6 7 8 9 10 -11 12 13 14 15 16 17 18 -19 20
uf20-0622 0 0 76221 76221 -1 2 -3 4 5 6 -7 8 9 -10 11 -12 13 14 15 16 17 -18 -19 -20
uf20-0623 0 0 114195 114195 1 2 3 4 5 6 7 8 9 -10 -11 12 -13 14 15 16 17 -18 19 20
uf20-0624 0 0 0 84756 1 2 -3 4 5 6 7 -8 -9 10 -11 12 -13 14 -15 16 17 18 -19 -20
uf20-0625 0 0 101084 101084 -1 2 3 4 -5 -6 7 8 9 10 11 12 13 -14 15 16 -17 18 -19 20
uf20-0626 0 90343 97061 97061 -1 2 3 -4 -5 -6 -7 8 9 10 11 12 13 14 15 16 -17 18 19 20
uf20-0627 0 0 110991 112777 1 -2 3 4 5 6 7 8 -9 -10 11 12 13 14 -15 16 17 18 19 20
uf20-0628 0 114243 122806 125614 1 2 3 4 5 6 -7 8 -9 10 11 12 13 14 15 16 17 18 19 -20
uf20-0629 0 0 71289 130888 1 2 3 4 5 6 7 8 9 10 11 -12 13 14 15 16 -17 -18 19 20
uf20-063 0 0 0 106077 1 2 3 4 5 6 -7 -8 9 10 11 12 -13 14 -15 16 17 -18 19 20
uf20-0630 0 0 0 108841 1 2 3 4 5 6 7 -8 9 10 -11 12 -13 14 15 -16 -17 18 19 20
uf20-0631 0 0 100716 111643 1 2 3 4 5 -6 7 8 9 10 11 -12 13 -14 15 -16 17 18 19 20
uf20-0632 0 84971 88445 88445 1 2 -3 4 -5 6 -7 -8 9 -10 11 12 13 -14 15 16 17 -18 19 20
uf20-0633 0 0 121779 121779 1 2 3 4 -5 6 7 8 9 10 -11 12 -13 -14 15 16 17 18 19 20
uf20-0634 0 61192 93229 93229 1 2 -3 -4 5 -6 7 -8 9 10 11 12 13 -14 15 16 17 18 -19 20
uf20-0635 0 115269 135460 135460 1 2 3 4 5 6 -7 8 9 10 11 12 13 14 15 16 -17 18 19 -20
uf20-0636 0 0 95481 97977 1 2 3 4 -5 6 7 8 9 10 11 -12 -13 -14 -15 16 -17 18 19 20
uf20-0637 0 0 84538 84538 1 2 3 -4 5 6 7 -8 9 10 -11 12 13 -14 15 16 -17 18 -19 -20
uf20-0638 0 0 103360 103360 1 2 3 4 5 6 7 -8 9 10 11 12 13 14 15 16 -17 18 -19 -20
uf20-0639 0 92100 108216 108216 1 2 3 4 5 6 7 8 -9 -10 11 12 13 14 15 -16 17 -18 -19 20
uf20-064 0 87597 99572 100247 1 2 3 -4 5 -6 -7 8 9 10 11 12 -13 14 15 16 17 -18 19 20
uf20-0640 0 0 102034 102034 1 2 -3 -4 5 6 7 -8 9 10 -11 12 13 -14 15 16 17 18 19 20
uf20-0641 0 0 109128 109128 1 2 3 -4 5 6 7 8 9 10 -11 -12 -13 14 15 16 17 18 19 -20
uf20-0642 0 80215 80597 84557 -1 2 3 -4 5 6 -7 8 -9 -10 11 12 13 -14 15 16 17 18 19 20
uf20-0643 0 0 0 114180 1 2 3 4 5 -6 7 8 -9 10 11 -12 13 14 15 -16 17 18 19 20
uf20-0644 0 0 117764 117764 -1 2 3 4 5 -6 7 8 9 10 11 12 -13 14 15 16 17 -18 19 20
uf20-0645 0 0 118143 118143 1 2 -3 4 5 6 -7 8 9 10 -11 12 13 14 15 16 17 18 19 20
uf20-0646 0 0 85700 99608 1 -2 3 4 5 6 7 8 9 10 -11 12 -13 14 15 16 -17 18 19 -20
uf20-0647 0 78770 102099 102099 1 2 -3 4 5 6 -7 8 9 10 11 12 13 14 -15 16 -17 -18 19 20
uf20-0648 0 101146 104303 105656 1 2 3 -4 5 6 -7 8 9 10 11 -12 13 14 15 16 17 -18 19 20
uf20-0649 0 71021 97382 97382 -1 2 3 4 5 -6 7 8 -9 -10 11 12 -13 -14 15 16 17 18 19 20
uf20-065 0 110321 115626 115626 1 2 3 4 -5 6 -7 8 -9 10 11 12 13 14 15 -16 17 18 19 -20
uf20-0650 0 87016 92907 92907 -1 -2 3 -4 5 6 -7 8 -9 10 11 -12 13 14 15 16 17 -18 19 20
uf20-0651 0 0 89685 122746 1 -2 3 4 5 6 7 8 9 10 -11 -12 -13 14 15 16 17 18 19 20
uf20-0652 0 0 105380 105380 -1 -2 3 4 5 6 7 8 -9 10 11 12 -13 14 -15 16 17 18 19 20
uf20-0653 0 90010 92944 92944 1 2 3 -4 -5 6 7 8 9 -10 11 12 13 14 15 -16 -17 18 19 -20
uf20-0654 0 0 81702 81702 -1 2 -3 4 5 -6 7 8 -9 10 -11 12 13 -14 -15 16 17 18 19 20
uf20-0655 0 0 76794 76794 -1 2 3 4 5 6 -7 8 -9 10 11 -12 -13 14 -15 16 -17 18 19 20
uf20-0656 0 0 62276 69903 1 -2 3 -4 5 -6 7 -8 9 10 -11 -12 -13 14 -15 16 -17 18 19 20
uf20-0657 0 65306 97027 97027 1 2 -3 4 -5 6 7 -8 -9 10 11 12 13 14 -15 16 17 18 -19 20
uf20-0658 0 0 87032 87032 1 -2 3 4 5 6 -7 8 -9 10 11 -12 -13 -14 15 -16 17 18 19 20
uf20-0659 0 0 107633 107633 1 2 3 4 5 6 7 8 9 10 11 -12 13 -14 -15 16 -17 -18 19 20
uf20-066 0 95914 125836 125836 1 2 3 4 5 -6 7 -8 9 -10 11 12 13 14 15 16 17 -18 19 20
uf20-0660 0 0 0 119364 1 2 -3 4 5 6 -7 8 9 10 11 -12 13 -14 15 16 17 18 19 20
uf20-0661 0 108791 119544 119544 -1 2 3 -4 -5 6 7 8 9 10 11 12 13 14 15 16 17 18 -19 20
uf20-0662 0 92730 124607 124607 1 2 3 4 5 6 -7 8 9 -10 -11 12 13 14 15 16 17 18 19 20
uf20-0663 0 0 86628 95203 1 -2 3 4 5 6 7 8 9 10 -11 12 -13 14 15 -16 17 18 -19 -20
uf20-0664 0 0 127378 127378 1 2 3 4 5 6 -7 8 9 10 11 12 13 -14 -15 16 17 18 19 20
uf20-0665 0 101517 110688 110688 1 2 3 -4 5 6 -7 8 9 -10 11 12 -13 14 -15 16 17 18 19 20
uf20-0666 0 0 93649 93649 1 2 -3 4 5 6 7 8 -9 10 11 -12 -13 -14 15 16 17 -18 19 20
uf20-0667 0 82811 97123 97123 1 2 3 -4 5 6 -7 8 9 -10 11 12 13 14 -15 -16 17 18 19 20
uf20-0668 0 0 129006 129006 1 -2 3 4 5 6 7 -8 -9 10 11 12 13 14 15 16 17 18 19 20
uf20-0669 0 0 102859 102859 1 2 3 4 5 6 7 -8 -9 10 11 -12 -13 14 15 16 -17 18 19 20
uf20-067 0 0 0 104657 1 2 -3 -4 5 6 7 8 9 -10 11 12 -13 -14 15 16 17 18 19 20
uf20-0670 0 0 94201 94201 1 -2 3 4 5 -6 -7 8 9 10 -11 12 13 14 -15 16 17 18 19 -20
uf20-0671 0 85152 95914 95914 -1 2 3 4 5 6 7 8 -9 10 -11 12 13 -14 15 16 17 -18 19 20
uf20-0672 0 0 87804 91972 1 2 3 4 5 6 7 -8 9 -10 11 -12 13 14 15 -16 -17 18 -19 20
uf20-0673 0 0 62994 62994 -1 -2 3 4 5 -6 -7 8 -9 -10 11 12 13 14 15 -16 17 -18 -19 20
uf20-0674 0 65833 84009 84009 1 -2 3 -4 5 6 7 -8 -9 -10 11 -12 13 14 15 16 17 18 -19 -20
uf20-0675 0 0 120666 120666 1 2 -3 4 5 6 7 8 9 -10 -11 12 13 14 15 -16 17 18 19 20
uf20-0676 0 63226 94082 94082 1 2 -3 4 5 6 7 -8 -9 10 11 12 13 -14 -15 16 17 -18 19 20
uf20-0677 0 0 98790 98790 -1 -2 3 4 5 6 7 8 9 10 11 -12 -13 14 15 16 -17 18 19 20
uf20-0678 0 0 115497 115497 -1 2 3 4 5 6 7 -8 9 10 11 12 13 -14 -15 16 17 18 19 20
uf20-0679 0 81693 113595 132173 1 2 3 4 5 6 7 8 9 10 -11 12 -13 14 15 16 -17 18 19 20
uf20-068 0 0 107341 107341 1 2 3 4 5 6 7 8 9 -10 -11 12 13 14 15 -16 -17 18 19 20
uf20-0680 0 0 131905 131905 1 2 3 4 5 6 7 8 9 10 11 -12 13 14 -15 16 17 18 19 20
uf20-0681 0 0 117564 117564 1 2 3 4 5 6 -7 8 9 10 -11 -12 13 14 15 16 -17 18 19 20
uf20-0682 0 83331 93009 93009 -1 2 -3 -4 -5 6 -7 8 9 10 11 -12 13 14 15 16 17 18 19 20
uf20-0683 0 0 89471 89471 1 2 -3 -4 5 -6 7 -8 9 10 11 12 13 -14 15 16 -17 18 19 -20
uf20-0684 82390 98276 98276 98276 -1 2 3 -4 -5 6 7 8 -9 -10 11 12 13 14 15 16 17 18 19 20
uf20-0685 0 0 104602 104602 -1 2 3 4 5 6 -7 8 9 10 11 -12 -13 14 -15 16 17 -18 19 20
uf20-0686 0 0 0 92253 1 2 3 4 5 6 -7 8 9 -10 -11 -12 -13 14 15 -16 17 18 19 -20
uf20-0687 0 0 84481 104346 1 -2 3 4 -5 6 7 8 -9 10 11 12 13 14 -15 -16 -17 18 19 20
uf20-0688 0 0 122637 122637 1 2 -3 -4 5 6 7 8 9 10 11 12 13 14 15 16 -17 18 19 20
uf20-0689 0 73809 98181 98181 1 2 3 -4 5 6 -7 8 9 10 11 12 13 14 -15 16 -17 -18 19 -20
uf20-069 0 0 105719 112057 1 2 3 4 5 6 -7 -8 9 10 11 12 13 -14 15 -16 17 18 19 -20
uf20-0690 0 0 79200 115887 1 2 3 4 5 -6 7 -8 9 10 11 12 13 14 15 -16 -17 18 19 20
uf20-0691 0 0 0 115943 1 2 -3 4 5 6 7 8 9 10 -11 12 -13 -14 15 16 17 -18 19 20
uf20-0692 0 0 118940 132830 1 2 -3 4 5 6 7 -8 9 10 11 12 13 14 15 16 17 18 19 20
uf20-0693 0 79713 105512 105512 -1 -2 -3 -4 5 6 7 8 9 10 11 -12 13 14 15 16 17 18 19 20
uf20-0694 0 81954 97827 97827 1 2 -3 4 -5 6 -7 -8 9 -10 11 -12 13 14 15 16 17 18 19 20
uf20-0695 0 0 135686 135686 1 2 3 4 5 6 7 8 9 10 11 -12 13 14 15 16 -17 18 19 20
uf20-0696 0 0 85442 88871 1 2 -3 4 5 -6 7 -8 9 10 -11 12 13 -14 15 -16 -17 18 19 -20
uf20-0697 0 104354 113880 113880 -1 2 -3 -4 5 6 7 8 9 10 11 12 13 14 15 16 17 18 19 -20
uf20-0698 0 107853 120089 120089 1 2 3 4 5 6 7 -8 9 10 11 12 -13 14 15 16 17 -18 19 -20
uf20-0699 0 0 0 113396 1 2 3 4 -5 -6 -7 8 -9 10 11 12 13 14 15 16 17 -18 19 20
uf20-07 0 0 25703 25703 -1 2 3 4 -5 6 7 8 9 -10 11 12 13 14 15 -16 -17 18 19 20
uf20-070 0 0 108479 108479 1 2 3 4 5 6 -7 8 9 10 11 -12 -13 14 -15 16 17 18 19 -20
uf20-0700 0 0 69897 121966 -1 2 3 4 5 6 7 8 9 10 11 12 13 14 -15 16 17 -18 19 20
uf20-0701 0 73980 94215 94215 1 -2 3 4 -5 6 -7 -8 9 10 11 -12 13 14 -15 16 17 18 19 -20
uf20-0702 0 101916 129756 129756 1 2 3 -4 5 6 7 -8 9 10 -11 12 13 14 15 16 17 18 19 20
uf20-0703 0 0 0 103939 1 2 -3 4 5 6 7 -8 9 -10 -11 12 13 14 -15 16 17 18 19 20
uf20-0704 0 0 84462 84462 -1 2 3 -4 -5 6 7 -8 9 10 -11 12 13 -14 15 16 17 18 -19 20
uf20-0705 0 0 136921 136921 1 2 3 4 5 6 7 -8 9 -10 11 12 13 -14 15 16 17 18 19 20
uf20-0706 0 0 110890 110890 1 -2 -3 4 5 6 7 8 9 10 11 -12 13 -14 15 16 17 18 19 20
uf20-0707 0 0 104688 104688 1 -2 3 4 -5 6 -7 -8 9 10 11 12 -13 14 15 16 17 -18 19 20
uf20-0708 0 0 109742 109742 1 2 3 4 5 6 7 -8 9 10 11 12 13 14 -15 -16 17 18 19 -20
uf20-0709 0 0 0 131457 1 2 3 -4 5 6 -7 8 9 10 11 -12 13 14 15 16 17 18 19 20
uf20-071 0 0 85953 89946 1 -2 -3 4 -5 6 7 -8 9 10 11 12 13 14 -15 16 -17 -18 19 20
uf20-0710 0 92177 92177 92177 -1 2 3 -4 -5 6 7 8 -9 -10 11 12 13 -14 15 16 17 18 19 20
uf20-0711 0 0 80538 80538 -1 2 -3 4 -5 -6 -7 8 9 10 11 12 -13 14 15 16 17 18 19 20
uf20-0712 0 0 61091 93551 1 -2 -3 4 5 -6 7 8 -9 -10 -11 12 13 14 15 16 -17 18 19 20
uf20-0713 0 0 118632 118632 1 2 -3 4 5 6 -7 8 9 10 11 -12 13 14 15 16 17 18 19 20
uf20-0714 0 61282 107856 107856 -1 2 3 4 5 -6 -7 8 9 10 11 12 13 14 -15 16 -17 18 19 20
uf20-0715 0 77125 93261 93261 1 2 -3 4 5 6 -7 8 9 -10 11 -12 13 14 15 -16 17 -18 19 -20
uf20-0716 0 0 0 107811 -1 2 -3 4 5 6 -7 8 9 10 -11 -12 13 14 15 16 17 18 -19 20
uf20-0717 0 0 72006 72006 -1 -2 -3 4 5 6 7 8 9 -10 11 12 13 -14 -15 16 17 18 -19 -20
uf20-0718 0 0 89301 89301 1 2 3 4 -5 6 7 -8 9 10 11 12 -13 -14 -15 16 -17 -18 19 20
uf20-0719 0 0 108454 108454 1 2 3 -4 5 6 7 -8 9 -10 11 12 -13 14 15 -16 17 18 19 20
uf20-072 0 0 22922 22922 1 -2 -3 4 5 6 7 -8 9 -10 11 12 -13 14 15 -16 -17 18 19 20
uf20-0720 0 0 121790 121790 1 2 3 4 5 6 7 8 9 10 11 -12 -13 14 15 16 -17 18 19 20
uf20-0721 0 19401 30806 30806 1 2 3 4 -5 -6 7 8 9 -10 11 12 13 14 -15 16 17 18 19 20
uf20-0722 0 0 26827 26827 1 -2 -3 4 5 6 7 8 -9 10 11 12 -13 14 15 16 17 18 19 20
uf20-0723 0 0 30319 30319 1 -2 3 4 5 6 -7 8 9 10 11 12 13 14 15 -16 17 -18 19 20
uf20-0724 0 28791 36361 36361 1 2 3 4 5 6 7 8 -9 10 11 12 13 14 15 16 17 18 19 20
uf20-0725 0 0 25459 26104 1 -2 -3 4 5 6 7 8 9 10 11 12 13 14 -15 16 17 -18 -19 20
uf20-0726 0 23365 25935 26217 1 2 3 4 -5 6 7 8 9 10 11 12 -13 -14 15 -16 17 18 -19 20
uf20-0727 0 26011 29022 29022 1 2 3 4 5 6 -7 8 9 10 11 12 13 -14 15 16 17 -18 19 20
uf20-0728 0 0 21057 21057 1 -2 3 4 5 6 7 8 -9 10 -11 12 -13 -14 15 -16 17 18 19 -20
uf20-0729 0 0 20728 21693 -1 -2 -3 4 5 -6 7 -8 9 10 -11 12 13 14 15 16 17 -18 19 20
uf20-073 0 0 32075 32075 1 2 -3 4 5 6 7 8 9 10 -11 12 13 -14 -15 16 17 18 19 20
uf20-0730 0 0 25482 25482 1 2 3 4 5 -6 -7 8 9 10 -11 -12 13 -14 15 16 -17 18 19 20
uf20-0731 0 0 27393 27393 -1 2 3 4 5 6 7 8 9 10 11 12 13 14 15 -16 -17 -18 19 -20
uf20-0732 0 25006 26326 26326 1 2 -3 -4 5 6 -7 8 9 10 11 12 13 14 15 16 17 -18 19 -20
uf20-0733 0 22324 27847 27847 1 2 3 4 5 6 7 8 9 -10 11 -12 13 14 15 16 17 -18 19 -20
uf20-0734 0 28951 35557 35557 1 2 -3 4 5 6 7 8 9 10 11 12 13 14 15 16 17 18 19 20
uf20-0735 0 0 23154 23154 1 2 -3 4 -5 -6 -7 8 -9 10 11 12 13 14 15 -16 17 -18 19 20
uf20-0736 0 0 24856 24856 -1 2 3 4 5 6 7 -8 9 10 11 -12 -13 14 -15 16 -17 18 19 20
uf20-0737 0 18924 23101 23101 1 2 3 -4 -5 6 7 -8 9 10 11 12 13 14 -15 16 17 -18 -19 -20
uf20-0738 0 0 24847 24847 1 2 3 -4 -5 6 7 8 -9 10 11 12 13 -14 15 -16 -17 18 19 20
uf20-0739 0 0 32430 32430 1 2 3 4 5 6 7 8 9 10 11 12 -13 14 15 16 -17 -18 19 -20
uf20-074 0 0 31877 31877 1 2 3 4 5 6 -7 8 9 10 11 12 -13 14 15 16 17 18 -19 20
uf20-0740 0 0 16975 32481 1 2 3 4 5 -6 7 8 -9 10 11 12 -13 14 15 16 17 18 19 20
uf20-0741 0 0 12675 22657 1 2 3 4 -5 6 7 8 9 10 -11 12 -13 -14 15 16 17 18 -19 20
uf20-0742 0 0 29286 29286 1 2 3 4 5 -6 7 8 9 10 11 12 -13 14 15 16 17 18 -19 20
uf20-0743 0 20636 22831 22831 -1 2 -3 -4 5 -6 7 8 -9 -10 11 12 13 14 15 16 17 18 19 -20
uf20-0744 0 0 27015 27026 1 2 -3 4 5 6 7 8 9 10 11 -12 -13 14 15 -16 -17 18 19 20
uf20-0745 0 0 25666 25666 1 2 3 4 5 6 7 8 9 -10 11 -12 13 14 15 -16 -17 -18 -19 20
uf20-0746 0 0 33464 33464 1 2 3 4 5 6 7 8 9 10 -11 12 13 14 15 16 17 18 19 -20
uf20-0747 0 21224 28779 28779 -1 -2 -3 4 5 6 -7 8 9 10 11 12 13 -14 15 16 17 18 19 20
uf20-0748 0 0 21449 21449 1 -2 3 4 -5 6 7 8 9 10 11 -12 13 -14 -15 16 -17 18 -19 20
uf20-0749 0 36160 40954 40954 1 2 3 4 5 6 -7 8 9 10 11 12 13 14 15 16 17 18 19 20
uf20-075 0 0 21189 23868 1 -2 3 4 5 6 7 -8 9 10 11 12 13 -14 15 16 -17 -18 19 -20
uf20-0750 0 30669 37652 37652 1 2 3 4 5 6 7 8 9 -10 11 -12 13 14 15 16 17 18 19 20
uf20-0751 0 22302 23672 23672 -1 -2 3 4 5 6 7 8 -9 -10 11 12 -13 14 15 16 17 -18 19 20
uf20-0752 0 0 24683 24889 1 -2 3 -4 5 6 7 8 9 10 11 12 -13 -14 15 16 17 18 -19 -20
uf20-0753 0 0 0 24518 1 2 -3 4 5 6 -7 8 9 -10 11 12 13 14 -15 16 17 18 19 -20
uf20-0754 0 0 32559 32559 1 2 3 4 5 6 7 8 9 10 -11 12 -13 14 -15 16 17 18 19 20
uf20-0755 0 22100 29267 29267 1 2 3 -4 5 -6 -7 8 9 10 11 -12 13 14 15 16 17 18 19 20
uf20-0756 0 0 22458 22458 1 2 3 4 5 -6 7 8 9 -10 -11 12 -13 -14 15 -16 -17 18 19 20
uf20-0757 0 31028 33547 33547 1 2 3 4 5 6 -7 8 -9 10 11 12 13 14 15 16 17 18 19 20
uf20-0758 0 28961 33250 33250 1 2 3 4 5 -6 7 8 9 10 11 12 13 14 15 16 17 -18 -19 20
uf20-0759 0 24972 29147 29147 1 2 3 4 5 6 -7 -8 9 10 11 12 13 14 15 16 17 -18 -19 20
uf20-076 0 0 0 23737 1 -2 3 -4 -5 -6 7 -8 9 10 -11 12 13 14 15 16 17 18 19 -20
uf20-0760 0 0 22900 22900 1 2 3 4 5 6 -7 -8 -9 -10 -11 12 13 -14 -15 16 17 18 19 20
uf20-0761 0 18408 31119 31119 1 2 3 4 5 -6 7 8 9 10 11 -12 13 14 15 16 17 18 19 20
uf20-0762 0 23962 26953 26953 1 2 3 -4 5 -6 -7 8 9 10 -11 12 13 14 15 16 -17 18 19 20
uf20-0763 0 0 33271 33271 1 2 -3 4 5 6 -7 8 9 10 11 12 13 14 -15 16 17 18 19 20
uf20-0764 0 25237 33180 33180 1 2 3 4 5 6 7 8 -9 10 11 12 13 14 -15 -16 17 18 19 20
uf20-0765 0 0 0 30466 -1 -2 3 4 5 6 7 8 9 10 11 12 13 14 -15 16 17 18 19 -20
uf20-0766 0 22653 26587 26587 1 2 -3 4 5 6 7 8 -9 10 11 12 -13 14 15 16 -17 -18 19 20
uf20-0767 0 0 27990 27990 1 2 3 4 5 6 7 8 -9 10 11 12 -13 14 -15 16 -17 18 19 20
uf20-0768 0 0 0 23278 -1 2 3 -4 -5 -6 7 -8 -9 10 11 12 13 14 15 16 -17 18 19 20
uf20-0769 0 22867 25404 25404 -1 2 -3 4 5 6 7 8 9 10 11 12 13 14 15 16 -17 18 -19 -20
uf20-0770 0 0 30600 30600 1 2 3 4 5 6 7 8 9 -10 11 12 13 14 15 -16 -17 18 19 20
uf20-0771 0 0 26914 26914 -1 2 3 4 5 -6 7 8 9 10 11 -12 13 14 15 16 17 18 -19 -20
uf20-0772 0 0 28347 28347 1 2 -3 4 -5 6 7 8 9 10 11 12 13 14 15 16 17 18 -19 -20
uf20-0773 0 0 25808 25808 1 -2 3 4 5 6 7 8 -9 10 -11 -12 -13 14 15 16 17 18 19 20
uf20-0774 0 0 23755 23755 1 -2 3 4 -5 -6 7 8 -9 10 11 12 13 -14 15 16 -17 18 19 20
uf20-0775 0 8877 18684 18684 -1 2 -3 4 5 6 -7 -8 9 10 11 12 -13 14 -15 -16 -17 18 19 20
uf20-0776 0 0 23229 23229 1 2 -3 4 -5 6 -7 -8 -9 10 11 12 13 14 15 16 -17 18 19 20
uf20-0777 0 22252 27326 27326 1 -2 3 -4 5 6 7 8 9 10 -11 -12 13 14 15 16 17 18 19 -20
uf20-0778 0 0 23973 23973 1 -2 3 4 5 -6 -7 8 -9 10 11 12 13 14 -15 16 -17 18 -19 20
uf20-0779 0 0 27256 27256 1 2 -3 4 -5 6 7 8 9 10 11 12 13 -14 15 -16 17 18 -19 20
uf20-078 0 0 0 23863 1 2 3 4 5 -6 7 -8 9 -10 11 12 -13 14 15 -16 17 18 19 20
uf20-0781 0 21558 25301 25301 1 2 3 4 -5 -6 -7 8 9 10 11 -12 13 14 15 16 17 18 19 -20
uf20-0782 0 0 0 22705 -1 -2 3 -4 5 6 7 -8 9 10 11 12 13 14 15 16 -17 -18 -19 20
uf20-0783 0 0 28728 28728 1 2 3 4 5 6 7 8 9 10 11 -12 13 14 -15 -16 17 18 19 -20
uf20-0784 0 17410 23599 23599 1 -2 -3 4 5 -6 7 8 -9 10 11 12 13 14 15 16 -17 -18 19 20
uf20-0785 0 21896 23443 23443 -1 2 3 -4 -5 6 7 8 9 10 11 12 13 -14 15 16 17 -18 -19 20
uf20-0786 0 0 18689 28020 1 2 3 4 5 6 7 8 9 10 11 12 13 14 -15 -16 -17 -18 19 20
uf20-0787 0 0 0 20502 -1 2 3 -4 -5 -6 -7 -8 9 10 11 12 13 14 15 -16 17 18 19 20
uf20-0788 0 0 31726 31726 1 2 3 4 5 6 7 8 9 10 11 -12 -13 -14 15 16 17 18 19 20
uf20-0789 0 0 0 32882 1 2 3 4 -5 6 7 -8 9 10 11 12 -13 14 15 16 17 -18 19 20
uf20-079 0 0 22197 22197 1 -2 3 4 5 6 -7 -8 9 10 11 12 -13 -14 15 -16 17 18 -19 20
uf20-0790 0 0 29666 29666 -1 2 3 4 5 6 7 8 9 10 11 12 13 14 -15 16 -17 18 19 20
uf20-0791 0 0 0 28543 1 2 -3 4 -5 6 -7 -8 9 10 11 12 13 -14 15 16 17 18 19 20
uf20-0792 0 13004 18380 18380 1 2 -3 4 -5 6 7 8 9 -10 11 -12 13 -14 15 16 17 -18 19 -20
uf20-0793 0 0 25205 25493 1 -2 3 4 5 6 7 8 9 10 11 -12 -13 14 15 16 17 -18 -19 20
uf20-0794 0 0 30742 30742 1 2 3 4 5 6 7 8 9 10 11 12 13 14 -15 16 -17 18 -19 -20
uf20-0795 0 0 23193 23193 1 2 3 4 5 6 7 8 9 10 11 12 -13 -14 15 16 -17 18 -19 -20
uf20-0796 0 0 22734 22734 1 -2 3 -4 5 6 -7 8 9 10 11 12 -13 -14 -15 -16 17 18 19 20
uf20-0797 0 21780 29067 29067 1 2 3 -4 5 -6 7 8 9 -10 11 12 -13 14 15 16 17 18 19 20
uf20-0798 0 0 32706 32706 1 2 3 4 5 6 7 -8 -9 10 11 -12 13 14 15 16 17 18 -19 20
uf20-0799 0 28097 28097 28097 1 2 3 -4 5 6 -7 8 -9 10 11 12 13 14 15 16 17 18 19 -20
uf20-08 0 0 26507 26507 1 2 3 4 -5 6 7 -8 9 10 11 12 13 14 15 16 -17 -18 -19 20
uf20-080 0 25911 28113 28113 1 2 3 -4 5 -6 7 8 9 -10 11 12 13 14 15 16 17 -18 19 20
uf20-0800 0 0 27885 27885 1 2 3 4 5 6 7 8 9 -10 11 -12 13 14 -15 -16 17 18 19 -20
uf20-0801 0 26235 32062 33058 1 2 3 4 5 6 7 8 9 -10 11 12 -13 14 15 16 17 18 19 20
uf20-0802 0 0 26852 26852 1 -2 3 4 5 -6 7 8 9 -10 -11 12 13 14 -15 16 17 18 19 20
uf20-0803 0 15661 28830 28830 -1 2 3 4 5 6 7 -8 9 10 -11 12 13 14 15 -16 17 18 19 20
uf20-0804 0 17959 24181 24181 1 2 3 4 5 6 7 8 -9 10 11 12 -13 14 15 -16 17 -18 19 20
uf20-0805 0 0 23247 31686 1 2 3 4 5 6 7 8 9 10 11 12 13 14 -15 16 17 -18 19 20
uf20-0806 0 0 29058 29058 -1 2 -3 4 5 6 7 8 9 10 11 12 13 14 15 -16 17 -18 -19 20
uf20-0807 0 25016 25721 25721 1 -2 3 4 5 6 7 8 -9 -10 11 12 13 14 15 16 17 18 19 -20
uf20-0808 0 0 24717 24717 1 2 -3 -4 5 -6 -7 8 9 10 11 12 13 -14 15 16 -17 18 19 20
uf20-0809 0 0 24314 24314 -1 -2 3 4 5 -6 7 8 -9 10 11 12 -13 14 -15 16 17 18 19 20
uf20-081 0 0 30654 30654 1 2 3 4 5 6 7 8 9 10 11 12 13 -14 15 16 17 18 -19 -20
uf20-0810 0 0 21174 21174 1 2 3 4 -5 6 7 8 -9 10 -11 -12 -13 14 15 -16 17 -18 19 -20
uf20-0811 0 0 29184 29184 1 2 3 4 5 6 7 8 9 10 11 -12 -13 14 15 16 17 18 -19 -20
uf20-0812 0 0 0 27441 1 -2 -3 4 5 6 7 8 9 -10 11 12 -13 14 15 16 17 -18 19 -20
uf20-0813 0 0 26844 26844 1 2 3 4 5 -6 7 -8 9 10 11 12 -13 14 -15 16 -17 18 19 20
uf20-0814 0 27155 29335 29335 1 2 3 4 5 6 7 8 9 -10 11 12 13 14 15 16 -17 -18 19 -20
uf20-0815 0 25288 26843 26843 1 2 3 4 5 6 7 8 -9 -10 11 12 13 14 15 16 17 -18 19 -20
uf20-0816 0 15988 24782 24782 1 -2 3 -4 5 -6 7 -8 -9 10 11 12 13 14 15 -16 17 18 19 20
uf20-0817 0 0 19371 19371 1 -2 3 -4 -5 6 7 8 9 10 11 -12 -13 -14 15 -16 -17 18 19 20
uf20-0818 0 0 30277 30277 1 -2 3 -4 -5 6 7 8 9 10 11 12 -13 14 15 16 17 18 19 20
uf20-0819 0 22495 29044 29044 1 2 -3 4 5 6 7 8 9 -10 11 -12 13 14 15 16 17 18 19 20
uf20-082 0 19340 26917 26917 1 2 3 4 5 -6 -7 -8 9 10 11 12 13 14 -15 16 17 18 -19 20
uf20-0820 23386 28019 28455 28455 1 2 3 4 5 -6 7 8 -9 -10 11 12 13 14 15 16 17 -18 19 -20
uf20-0821 0 0 21126 21126 1 2 -3 4 -5 6 7 8 -9 10 -11 12 -13 -14 15 16 17 18 19 -20
uf20-0822 0 0 17520 17520 1 2 3 -4 -5 -6 7 8 9 -10 11 12 13 14 15 -16 -17 -18 -19 20
uf20-0823 0 0 25466 25466 1 -2 3 4 -5 6 7 8 -9 10 11 12 13 -14 -15 16 17 18 -19 20
uf20-0824 0 0 20463 22060 1 -2 3 -4 5 -6 -7 -8 9 10 11 12 13 14 15 16 -17 -18 19 20
uf20-0825 0 0 22113 22113 -1 2 -3 -4 5 6 -7 -8 -9 -10 11 12 13 14 15 16 17 18 19 20
uf20-0826 0 0 32310 32310 1 -2 3 4 5 6 7 -8 9 10 11 12 13 -14 15 16 17 18 19 20
uf20-0827 0 0 21817 21817 1 -2 -3 4 5 6 7 -8 9 -10 11 -12 13 14 -15 16 17 18 19 -20
uf20-0828 0 22192 26999 26999 1 -2 3 -4 -5 6 7 8 9 10 11 12 13 14 15 -16 17 -18 19 20
uf20-0829 0 20913 26674 26674 1 2 3 4 5 6 -7 8 9 10 11 12 -13 -14 -15 16 17 18 19 20
uf20-083 0 20653 26588 26588 1 2 3 4 5 -6 -7 8 9 10 11 12 13 14 -15 -16 17 18 -19 20
uf20-0830 0 0 23038 23038 1 -2 3 -4 5 6 -7 8 9 10 11 -12 -13 14 15 16 17 18 19 20
uf20-0831 0 0 31078 31078 -1 2 3 4 5 6 7 8 9 10 11 12 13 -14 15 16 17 -18 19 20
uf20-0832 0 0 12277 18219 1 2 3 -4 5 -6 -7 -8 9 -10 11 -12 -13 -14 -15 16 17 18 19 20
uf20-0833 0 21255 23075 23075 -1 2 3 -4 5 6 -7 8 -9 10 -11 12 13 14 15 16 17 18 19 -20
uf20-0834 0 16750 20221 20221 -1 2 -3 4 5 6 -7 8 9 10 11 -12 13 14 15 16 17 -18 -19 -20
uf20-0835 0 24878 30475 30475 1 2 3 4 5 6 7 8 9 -10 11 12 13 14 15 -16 17 18 19 -20
uf20-0836 0 0 19279 29615 1 2 -3 4 5 6 7 -8 9 -10 11 12 13 -14 15 16 17 18 -19 20
uf20-0837 0 0 0 24385 1 2 3 -4 5 -6 7 8 9 -10 11 12 13 14 -15 -16 17 18 -19 20
uf20-0838 0 0 21472 21472 -1 2 -3 4 -5 -6 7 8 9 -10 11 12 13 14 15 -16 17 18 19 20
uf20-0839 0 0 0 26622 1 2 -3 4 -5 6 7 8 -9 10 11 12 13 -14 15 16 17 -18 -19 20
uf20-084 0 0 25364 30794 1 -2 3 4 -5 6 7 8 9 10 11 -12 13 14 15 -16 17 18 19 20
uf20-0840 0 0 29074 29074 1 2 3 4 5 -6 -7 8 9 10 11 12 13 -14 -15 16 17 18 19 20
uf20-0841 0 20845 24798 24798 1 2 3 4 5 -6 -7 8 9 -10 -11 12 13 14 15 16 17 18 -19 20
uf20-0842 0 0 21527 21527 1 -2 3 -4 5 6 7 -8 9 10 11 12 -13 -14 -15 16 17 18 -19 20
uf20-0843 0 16580 20256 20256 1 -2 3 4 -5 -6 -7 8 9 -10 11 12 -13 14 15 16 17 18 19 20
uf20-0844 0 0 34407 34407 1 2 3 4 5 6 7 8 9 10 11 12 -13 14 15 16 17 18 19 20
uf20-0845 0 0 25285 25285 1 -2 3 4 5 -6 -7 8 9 10 11 12 -13 -14 15 16 17 18 19 20
uf20-0846 0 0 34088 34088 1 2 3 4 5 6 7 8 9 -10 11 12 13 14 15 16 17 -18 19 20
uf20-0847 0 22237 24628 24628 -1 2 3 4 5 6 -7 8 9 10 11 12 -13 14 -15 16 -17 18 19 -20
uf20-0848 0 0 28610 28610 1 2 3 4 5 -6 7 -8 -9 10 -11 12 -13 14 15 16 17 18 19 20
uf20-0849 0 0 32123 32123 1 2 3 4 5 6 7 8 9 -10 11 -12 13 14 15 16 17 18 -19 20
uf20-085 0 0 0 30380 1 2 -3 4 5 6 7 8 -9 10 11 12 13 -14 15 -16 17 18 19 20
uf20-0850 0 0 0 18243 1 -2 -3 -4 5 -6 -7 8 9 -10 11 -12 -13 14 15 16 17 18 19 20
uf20-0851 0 0 21675 21675 1 2 3 -4 5 -6 -7 8 9 10 11 12 13 -14 15 16 -17 -18 19 -20
uf20-0852 0 0 21201 21201 1 2 3 -4 5 -6 7 8 9 -10 11 12 -13 -14 -15 16 17 18 19 -20
uf20-0853 0 0 25515 25515 1 2 -3 4 5 6 -7 -8 9 10 11 -12 13 14 -15 16 17 18 19 -20
uf20-0854 0 16354 21457 21457 1 -2 3 -4 -5 6 7 8 9 -10 -11 12 -13 14 -15 16 17 18 19 20
uf20-0855 0 28361 34491 34491 -1 2 -3 4 5 6 7 8 9 10 11 12 13 14 15 16 17 18 19 20
uf20-0856 0 17507 18721 18721 -1 -2 3 -4 5 6 7 8 -9 10 11 12 13 14 15 16 -17 -18 19 -20
uf20-0857 0 18233 22366 22366 1 -2 3 4 -5 6 -7 8 -9 10 11 12 -13 14 15 16 17 18 -19 -20
uf20-0858 0 0 0 25793 1 -2 3 4 5 6 -7 8 -9 10 -11 12 -13 -14 15 16 17 18 19 20
uf20-0859 0 0 31753 31753 1 2 -3 -4 5 6 7 8 9 10 11 12 -13 14 15 16 17 18 -19 20
uf20-086 0 0 23736 23736 1 -2 3 -4 5 6 7 8 9 10 -11 12 13 14 15 16 -17 -18 -19 20
uf20-0860 0 0 25506 26158 1 -2 -3 4 5 6 7 8 9 10 11 12 -13 14 -15 16 -17 18 19 20
uf20-0861 0 0 20393 20393 1 -2 -3 4 5 6 7 8 -9 10 11 -12 13 14 -15 -16 17 -18 -19 20
uf20-0862 0 0 23555 23555 1 -2 3 4 5 6 7 -8 -9 -10 -11 12 13 14 15 16 17 18 19 20
uf20-0863 0 0 26659 26659 -1 2 -3 4 5 6 7 8 9 10 11 12 -13 14 15 16 17 18 19 -20
uf20-0864 0 0 33994 33994 1 2 3 4 5 6 7 8 -9 10 11 12 13 14 15 16 -17 18 19 20
uf20-0865 0 0 21460 21460 1 2 -3 4 5 6 -7 8 9 -10 -11 12 13 14 15 16 -17 18 -19 -20
uf20-0866 0 0 20220 22371 1 -2 3 4 -5 6 -7 8 9 10 11 12 -13 14 -15 -16 17 18 -19 20
uf20-0867 0 30832 33600 33600 1 -2 3 4 5 6 7 8 9 10 11 12 13 14 15 16 17 -18 19 -20
uf20-0868 0 18453 24027 24027 1 2 3 4 5 -6 -7 8 9 -10 11 12 13 -14 15 16 -17 18 -19 20
uf20-0869 0 0 26669 26669 1 2 -3 4 5 -6 7 8 -9 10 11 12 -13 14 15 -16 17 18 19 20
uf20-087 0 0 26374 26374 1 -2 3 -4 5 6 -7 8 -9 10 11 12 13 14 15 -16 17 18 19 20
uf20-0870 0 22237 29460 29460 1 2 3 4 5 -6 7 -8 -9 10 11 12 13 14 15 16 17 -18 19 20
uf20-0871 0 0 24102 26523 1 2 -3 -4 5 6 7 8 9 10 11 -12 13 14 -15 16 17 18 -19 20
uf20-0872 0 12591 19171 19171 -1 2 3 4 -5 -6 7 8 -9 10 11 -12 13 14 15 -16 17 18 -19 20
uf20-0873 0 34166 37231 37231 1 2 3 4 5 6 7 8 9 10 11 12 13 14 15 16 -17 -18 19 20
uf20-0874 0 0 35058 35058 1 2 3 4 5 6 7 8 -9 10 11 -12 13 14 15 16 17 18 19 20
uf20-0875 0 0 30363 30363 -1 2 3 -4 5 6 -7 8 9 10 11 12 13 14 -15 16 17 18 19 20
uf20-0876 0 0 28104 28104 1 2 3 -4 5 6 7 8 9 -10 -11 12 13 14 15 16 17 18 19 20
uf20-0877 0 0 14411 15027 -1 -2 -3 4 -5 6 7 8 -9 -10 -11 12 13 14 15 16 17 18 -19 20
uf20-0878 0 0 19212 19212 -1 -2 -3 4 -5 6 7 8 9 10 11 12 13 -14 15 16 -17 18 19 -20
uf20-0879 0 0 0 28347 1 -2 3 -4 -5 6 7 8 9 10 11 12 13 14 -15 -16 17 18 19 20
uf20-0880 0 18720 22827 22827 -1 2 -3 4 5 6 -7 8 9 10 11 12 -13 14 -15 16 17 18 -19 -20
uf20-0881 0 0 24156 24156 -1 2 3 4 5 6 7 8 -9 10 -11 -12 13 -14 -15 16 17 18 19 20
uf20-0882 0 0 34722 34722 1 2 3 4 -5 6 7 8 9 10 11 -12 13 14 15 16 17 18 19 20
uf20-0883 0 0 14768 23852 1 -2 -3 4 5 6 7 8 -9 10 -11 12 -13 14 -15 16 17 18 19 20
uf20-0884 0 0 27683 27683 1 2 -3 4 5 6 7 -8 9 -10 11 -12 13 14 15 16 17 -18 19 20
uf20-0885 0 24099 28742 28742 1 2 -3 4 5 6 7 8 9 -10 11 12 13 14 15 -16 17 18 19 20
uf20-0886 0 0 32211 32211 1 2 -3 -4 5 6 7 8 9 10 11 12 13 14 -15 16 17 18 -19 20
uf20-0887 0 17700 22493 22493 -1 2 -3 4 -5 6 7 -8 9 10 -11 12 13 14 15 16 17 18 -19 20
uf20-0888 0 0 30824 30824 1 2 3 -4 5 6 -7 8 9 10 11 -12 13 14 15 16 17 18 19 20
uf20-0889 0 0 0 27437 1 -2 3 4 5 -6 -7 8 9 -10 11 12 -13 14 15 16 17 18 19 20
uf20-089 0 0 18756 19701 1 2 -3 4 5 6 7 8 -9 10 11 12 -13 -14 -15 -16 17 18 19 20
uf20-0891 0 0 21363 23412 -1 -2 -3 4 5 6 7 -8 9 10 11 12 13 14 15 16 17 18 19 -20
uf20-0892 0 0 24505 24505 1 2 -3 4 5 6 7 8 9 10 11 12 13 -14 15 -16 17 -18 -19 -20
uf20-0893 0 21945 24248 24248 1 2 3 4 -5 6 7 8 9 -10 11 12 13 14 -15 16 -17 -18 19 -20
uf20-0894 0 0 31551 31551 1 2 3 4 5 6 -7 8 9 10 11 12 -13 14 15 -16 17 18 -19 20
uf20-0895 0 0 23124 23124 1 2 -3 4 5 6 -7 8 -9 10 -11 -12 -13 14 15 16 17 18 19 -20
uf20-0896 0 21737 21888 25279 -1 -2 3 -4 5 6 7 8 9 10 11 12 -13 14 15 -16 17 -18 -19 20
uf20-0897 0 22997 26071 26071 1 2 3 4 5 -6 -7 8 -9 10 11 12 13 14 15 -16 17 18 19 -20
uf20-0898 0 18907 22270 22270 -1 -2 -3 4 -5 6 7 8 -9 -10 11 12 13 -14 15 16 17 18 19 20
uf20-0899 0 0 32731 32731 1 2 3 -4 5 6 7 8 9 10 -11 12 13 14 15 -16 17 18 19 20
uf20-09 0 24076 30972 30972 -1 2 3 4 5 6 7 -8 9 10 11 12 13 14 -15 16 17 -18 19 20
uf20-090 0 28156 33693 33693 1 2 3 4 5 6 7 8 -9 10 11 12 13 14 15 16 17 18 19 20
uf20-0900 0 0 27149 27149 1 -2 3 4 5 -6 -7 8 9 10 11 12 13 14 -15 16 17 18 -19 20
uf20-0901 0 27561 30763 30763 1 2 3 -4 -5 6 -7 8 9 10 -11 12 13 14 15 16 17 18 19 20
uf20-0902 0 25117 27764 27764 1 2 3 4 5 -6 7 8 9 -10 11 12 13 14 15 16 17 -18 -19 -20
uf20-0903 0 0 26626 26626 1 -2 3 4 5 -6 7 8 9 10 11 12 13 -14 -15 16 -17 18 19 20
uf20-0904 0 18513 23655 23655 1 -2 3 4 5 6 -7 8 9 10 -11 12 13 14 15 16 -17 18 19 -20
uf20-0905 0 0 22082 22082 1 -2 3 -4 5 -6 7 -8 9 -10 11 12 13 14 15 -16 17 18 19 20
uf20-0906 0 0 25024 25024 -1 -2 3 4 5 6 7 8 -9 10 11 12 13 -14 15 -16 17 18 19 20
uf20-0907 0 0 17817 17837 -1 2 3 -4 5 6 7 -8 -9 10 11 12 -13 14 -15 16 -17 18 -19 20
uf20-091 0 24051 29381 29381 -1 2 3 4 5 6 -7 8 9 10 -11 12 13 14 15 16 17 18 19 -20
uf20-0910 0 0 26307 26307 1 -2 3 -4 5 -6 7 8 9 10 11 12 13 14 15 -16 17 18 -19 20
uf20-0911 0 25468 26373 26373 -1 2 -3 -4 5 6 7 8 9 10 11 12 13 14 15 16 17 -18 19 20
uf20-0912 0 17921 22759 22759 1 -2 3 4 -5 6 -7 8 9 10 11 12 -13 14 15 -16 -17 18 19 -20
uf20-0913 0 0 25080 27295 1 2 3 4 5 -6 7 8 9 10 11 12 -13 14 15 16 -17 18 19 -20
uf20-0914 0 0 22658 25737 1 -2 3 4 5 -6 7 -8 9 -10 -11 12 13 14 15 16 17 -18 19 20
uf20-0915 0 0 24023 24023 -1 2 -3 4 5 -6 7 8 -9 10 11 12 -13 14 15 16 17 18 19 -20
uf20-0916 0 0 0 31921 1 2 -3 4 5 -6 7 8 -9 10 11 12 13 14 15 16 17 18 19 20
uf20-0917 0 0 18618 19347 1 2 -3 4 -5 -6 7 8 9 10 11 -12 13 -14 15 16 17 18 19 -20
uf20-0918 0 25954 28750 28750 1 2 -3 -4 -5 6 -7 8 9 10 11 12 13 -14 15 16 17 18 19 20
uf20-0919 0 24180 29638 29638 1 2 3 4 5 6 7 -8 9 10 11 12 13 14 -15 -16 17 -18 19 20
uf20-092 0 31195 36697 36697 1 2 3 4 5 6 7 8 9 -10 11 12 13 14 15 16 17 18 19 20
uf20-0920 0 25511 34540 34540 1 2 3 4 5 6 7 8 -9 10 11 12 13 14 -15 16 17 18 19 20
uf20-0921 0 0 28616 29550 1 -2 3 -4 5 -6 7 8 9 10 11 12 13 14 15 16 -17 18 19 20
uf20-0922 0 0 29945 29945 1 -2 -3 4 5 6 7 8 9 10 11 -12 13 14 15 16 17 18 19 20
uf20-0923 0 23890 30400 30400 1 2 3 -4 -5 -6 7 8 9 10 11 12 13 -14 15 16 17 18 19 20
uf20-0924 0 0 21470 26769 1 2 3 4 5 6 7 8 9 -10 -11 12 -13 14 15 16 17 -18 -19 20
uf20-0925 0 0 23075 23075 -1 2 3 4 5 6 -7 8 9 10 11 -12 -13 14 15 16 17 18 19 -20
uf20-0926 0 0 31085 31085 1 2 -3 4 5 6 7 8 9 10 11 12 13 14 15 -16 -17 18 19 20
uf20-0927 0 0 24398 24906 -1 -2 3 4 5 6 7 8 9 10 -11 12 -13 -14 15 16 17 18 19 -20
uf20-0928 0 0 25307 26274 1 -2 -3 4 5 -6 7 8 9 10 11 12 13 14 15 -16 17 18 19 20
uf20-0929 0 0 24381 24381 1 2 -3 4 5 6 7 -8 9 -10 11 12 -13 -14 15 16 17 18 19 -20
uf20-093 0 17802 21211 21211 -1 -2 3 -4 5 6 7 -8 9 -10 -11 12 13 14 15 16 17 -18 19 20
uf20-0930 0 0 20107 23613 1 2 -3 4 5 -6 7 8 9 10 11 -12 -13 14 -15 16 17 18 -19 20
uf20-0931 0 0 16905 27321 1 2 3 4 -5 6 7 -8 9 10 11 12 13 -14 -15 16 -17 18 19 20
uf20-0932 0 0 29542 29542 1 2 3 4 5 -6 7 8 -9 -10 11 12 13 14 -15 16 17 18 19 20
uf20-0933 0 22998 22998 22998 1 2 -3 -4 -5 6 -7 8 -9 -10 11 12 13 14 15 16 17 18 19 -20
uf20-0934 0 0 30664 30664 1 2 3 4 5 -6 7 8 9 -10 11 -12 13 14 15 16 17 18 19 -20
uf20-0935 0 27856 31562 31562 1 2 3 4 5 6 7 8 9 10 -11 12 13 14 15 16 -17 18 19 20
uf20-0936 0 22326 24620 24620 1 -2 3 4 5 6 7 8 9 10 11 12 -13 14 15 16 17 -18 19 -20
uf20-0937 0 0 0 21539 1 2 -3 -4 5 -6 7 8 -9 10 -11 12 -13 14 15 16 17 18 -19 20
uf20-0938 0 0 25597 25597 -1 2 -3 4 -5 6 7 8 9 10 -11 12 13 14 15 16 -17 18 -19 20
uf20-0939 0 0 21007 21515 -1 2 3 4 5 6 7 8 -9 10 11 -12 -13 14 -15 16 -17 18 -19 20
uf20-094 0 23878 26564 26564 1 2 3 -4 5 6 -7 8 9 10 11 12 13 -14 -15 16 17 -18 19 -20
uf20-0940 0 18196 26725 26725 -1 2 3 4 5 6 7 -8 9 10 -11 12 -13 14 15 16 17 -18 19 20
uf20-0941 0 0 8032 19514 -1 2 3 -4 -5 -6 -7 8 9 10 11 -12 13 14 15 16 17 -18 -19 20
uf20-0942 0 17800 23851 23851 1 2 -3 4 5 -6 7 8 9 -10 11 12 13 -14 15 -16 17 18 19 20
uf20-0943 0 0 28173 28173 -1 2 3 4 5 -6 7 8 -9 -10 11 12 13 14 15 16 17 18 19 20
uf20-0944 0 18391 27615 27615 1 2 -3 4 5 6 7 8 9 10 11 12 13 -14 15 16 17 -18 19 20
uf20-0945 0 0 25128 25201 1 2 3 4 -5 6 7 8 9 10 11 12 -13 14 15 -16 -17 18 19 -20
uf20-0946 0 21072 26348 26348 1 -2 3 -4 5 6 7 -8 9 -10 11 12 13 14 -15 16 17 18 19 20
uf20-0947 0 0 24189 24189 -1 -2 -3 4 -5 -6 7 8 9 10 11 -12 13 14 15 16 17 18 19 20
uf20-0948 0 0 0 33249 1 2 3 4 5 -6 7 8 -9 10 11 12 -13 14 15 16 17 18 19 20
uf20-0949 0 0 25103 25103 1 2 -3 4 -5 6 -7 -8 9 10 11 12 13 -14 15 16 17 -18 19 20
uf20-095 0 0 29568 29568 1 2 3 4 5 -6 -7 8 -9 10 11 12 13 14 15 16 17 18 -19 20
uf20-0950 0 19657 26191 26191 1 -2 3 4 -5 6 7 8 -9 10 11 12 13 14 -15 -16 17 -18 19 20
uf20-0951 0 0 26229 26229 1 2 -3 4 -5 6 7 8 9 10 -11 12 13 -14 15 16 17 18 -19 20
uf20-0952 0 0 23722 25932 -1 -2 3 4 5 6 7 8 9 10 11 -12 13 -14 15 16 17 18 -19 20
uf20-0953 0 0 21887 21940 -1 -2 3 4 5 -6 7 8 9 10 -11 12 -13 -14 15 16 17 18 19 20
uf20-0954 0 0 0 31983 1 -2 3 4 -5 6 7 -8 9 10 -11 12 13 14 15 16 17 18 19 20
uf20-0955 0 23654 30739 30739 1 2 3 4 -5 6 7 8 9 10 11 -12 13 14 15 16 17 -18 19 20
uf20-0956 0 0 21492 21492 -1 2 3 -4 -5 6 7 -8 9 -10 11 -12 -13 14 -15 16 17 18 19 20
uf20-0957 0 0 30428 30428 1 -2 3 4 -5 6 7 8 9 10 11 12 13 14 15 16 17 18 -19 20
uf20-0958 0 0 22633 22633 1 2 3 4 5 6 -7 8 -9 10 -11 12 -13 -14 15 16 -17 18 -19 20
uf20-0959 0 0 30555 30555 1 2 3 4 -5 6 7 8 9 10 11 -12 13 -14 15 16 -17 18 19 20
uf20-096 0 18814 29545 29545 -1 2 3 4 5 6 7 8 9 10 11 -12 13 14 -15 16 17 18 19 20
uf20-0960 0 0 15457 28195 1 2 3 4 5 6 7 8 9 10 -11 -12 13 14 15 16 -17 -18 19 -20
uf20-0961 0 0 15884 15884 1 -2 3 -4 -5 -6 7 8 9 10 11 -12 -13 -14 15 -16 17 18 -19 -20
uf20-0962 0 0 22512 23588 1 2 -3 4 -5 6 7 -8 9 -10 -11 -12 13 14 15 16 17 18 19 20
uf20-0963 0 0 0 26327 1 -2 -3 4 5 6 7 8 9 -10 -11 -12 13 -14 15 16 17 18 19 20
uf20-0964 0 26291 30174 30174 1 2 -3 4 5 6 -7 8 9 10 11 12 -13 14 15 16 17 -18 19 20
uf20-0965 0 0 24396 24396 1 2 3 4 5 6 -7 -8 9 10 11 12 13 14 15 16 -17 -18 -19 20
uf20-0966 0 0 31440 31440 -1 -2 3 4 5 6 7 8 9 10 11 12 13 14 -15 16 17 18 19 20
uf20-0967 0 28328 30542 30542 1 2 3 4 5 6 -7 8 9 10 11 12 -13 14 -15 16 17 18 19 -20
uf20-0968 0 0 23619 23619 1 2 3 -4 5 6 -7 8 9 10 11 12 -13 14 -15 -16 -17 18 -19 20
uf20-0969 0 0 22126 22126 -1 2 3 4 5 6 7 8 -9 -10 11 12 -13 -14 15 -16 17 18 19 20
uf20-097 0 0 22813 22813 1 2 3 4 -5 -6 7 -8 9 10 -11 -12 13 14 -15 16 17 18 -19 20
uf20-0970 0 0 0 24640 1 -2 3 -4 5 -6 7 8 9 10 -11 12 13 -14 15 16 -17 18 19 20
uf20-0971 0 0 21293 21293 -1 2 -3 4 5 6 -7 8 -9 10 11 12 -13 14 -15 16 17 18 -19 20
uf20-0972 0 27007 29988 29988 1 2 3 -4 5 6 7 8 9 10 11 12 13 14 15 16 -17 -18 19 20
uf20-0973 0 0 29090 29090 -1 2 3 4 5 6 7 -8 9 -10 11 -12 13 14 15 16 -17 18 19 20
uf20-0974 0 0 22609 24771 1 -2 3 -4 5 6 -7 -8 9 -10 -11 12 -13 14 15 16 17 18 19 20
uf20-0975 0 26904 31969 31969 1 2 3 4 5 6 -7 -8 9 10 11 12 13 14 15 16 17 -18 19 20
uf20-0976 22121 23021 25684 25684 1 2 3 4 5 -6 -7 8 9 -10 -11 12 13 14 15 16 17 -18 -19 20
uf20-0977 0 0 0 29097 1 2 3 4 5 -6 7 -8 9 10 11 12 13 14 15 16 17 -18 19 20
uf20-0978 0 0 36928 36928 1 2 3 4 5 6 7 8 9 10 11 12 13 14 15 -16 17 18 19 20
uf20-0979 0 0 27813 27813 1 -2 -3 4 5 6 7 8 9 10 11 12 13 14 -15 16 17 -18 19 -20
uf20-098 0 23597 28583 28583 1 2 3 -4 5 -6 7 8 9 10 -11 12 13 14 -15 16 17 18 19 20
uf20-0980 0 0 20381 20381 1 -2 3 -4 -5 6 -7 8 9 10 11 12 -13 14 -15 16 -17 18 19 20
uf20-0981 0 16849 20732 20732 -1 2 3 4 -5 -6 7 8 9 10 11 12 -13 14 15 16 17 18 -19 -20
uf20-0982 0 0 0 21561 1 -2 3 4 -5 6 -7 -8 9 -10 11 12 -13 -14 15 16 17 18 -19 20
uf20-0983 0 0 25594 25594 1 2 -3 -4 -5 6 7 -8 -9 10 11 12 13 14 15 16 17 18 19 20
uf20-0984 0 0 24463 24750 1 2 3 -4 5 6 7 8 -9 -10 -11 -12 13 -14 -15 16 17 18 19 20
uf20-0985 0 0 29406 29406 1 2 3 4 5 6 -7 8 9 10 -11 12 13 14 -15 16 17 -18 19 20
uf20-0986 0 0 18868 18868 -1 2 3 4 -5 6 -7 8 -9 10 11 -12 13 -14 15 16 -17 18 19 20
uf20-0987 0 0 0 33632 1 2 -3 4 5 6 7 8 9 10 11 -12 13 14 15 16 17 18 -19 20
uf20-0988 0 18241 23572 23572 -1 2 3 4 5 6 -7 8 -9 10 11 12 -13 -14 15 16 17 18 19 20
uf20-0989 0 20878 26055 26055 -1 2 -3 4 5 6 7 8 9 10 -11 12 13 -14 15 -16 17 -18 19 20
uf20-099 0 0 20517 20517 1 2 3 -4 -5 -6 7 8 9 10 11 12 -13 14 -15 -16 17 18 -19 20
uf20-0990 0 0 27806 27806 1 -2 3 4 5 6 7 8 -9 10 11 12 13 -14 -15 16 17 -18 19 20
uf20-0991 0 0 29084 29084 1 -2 3 4 5 6 -7 8 9 10 11 12 13 14 -15 16 17 18 19 20
uf20-0992 0 0 18862 19830 1 -2 -3 4 5 6 7 -8 -9 10 11 12 -13 -14 15 16 -17 18 19 -20
uf20-0993 0 27609 30116 31863 1 2 3 4 5 6 -7 8 -9 10 11 12 -13 14 -15 16 17 18 19 20
uf20-0994 0 0 24773 24773 -1 -2 3 -4 5 -6 7 8 9 10 11 12 13 -14 15 16 17 18 19 -20
uf20-0995 0 0 26911 30141 -1 2 3 4 5 6 7 8 9 10 11 -12 13 14 15 16 17 18 -19 -20
uf20-0996 0 0 29034 29034 1 2 -3 -4 5 6 7 -8 9 10 11 -12 13 14 15 16 17 18 19 20
uf20-0997 0 0 28230 28230 1 2 3 -4 5 6 7 8 9 10 11 12 13 14 15 16 -17 18 -19 -20
uf20-0998 0 0 31319 31319 1 2 3 4 -5 6 7 8 9 10 11 12 13 -14 15 16 17 18 19 20
uf20-0999 0 0 20900 28913 1 2 -3 4 5 -6 7 8 9 10 -11 12 -13 14 15 -16 17 18 19 20
