uf20-01 0 0 6403 6403 1 2 3 4 -5 6 7 8 9 10 11 12 -13 14 -15 16 17 18 19 20
uf20-010 0 6713 7843 7843 -1 2 3 4 5 6 7 8 9 10 11 12 13 14 15 16 -17 -18 19 20
uf20-0100 0 5444 6375 6375 1 2 3 4 5 -6 -7 8 9 -10 11 12 13 14 15 16 -17 -18 19 20
uf20-01000 0 0 5738 5738 -1 2 3 4 5 6 7 8 9 10 -11 12 13 14 -15 -16 -17 18 19 -20
uf20-0101 0 5338 6072 6072 1 2 3 4 -5 6 -7 8 -9 10 11 -12 -13 14 15 16 17 18 19 20
uf20-0102 0 4087 4484 4641 1 2 3 -4 -5 6 7 -8 9 10 -11 12 13 14 -15 16 17 -18 -19 -20
uf20-0103 0 0 6887 6887 -1 2 3 4 5 6 -7 8 9 10 11 12 13 -14 15 16 -17 18 19 -20
uf20-0104 0 0 6132 6132 1 2 3 4 5 -6 7 8 9 -10 11 12 13 -14 15 16 17 -18 -19 20
uf20-0105 0 0 6790 6790 -1 2 3 4 5 6 7 -8 9 10 11 12 -13 -14 15 -16 17 18 19 20
uf20-0106 0 0 7577 7577 -1 2 3 4 5 6 7 8 9 10 11 12 13 14 15 16 -17 18 -19 20
uf20-0107 0 0 6019 6019 1 2 3 4 -5 6 7 -8 9 10 -11 12 13 -14 15 -16 17 18 19 -20
uf20-0108 0 0 9424 9424 1 2 3 4 5 6 7 8 9 10 11 -12 13 14 15 16 17 18 19 20
uf20-0109 0 0 2784 4259 1 2 3 4 5 -6 7 -8 9 10 11 -12 -13 14 -15 -16 -17 -18 19 -20
uf20-011 0 5047 7683 7683 1 2 3 4 5 6 -7 -8 -9 10 -11 12 13 14 15 16 17 18 19 20
uf20-0110 0 0 5934 5934 1 -2 3 4 5 6 7 8 9 -10 11 -12 13 14 15 16 17 18 19 -20
uf20-0111 0 5903 7509 7509 1 2 3 4 5 6 7 8 9 -10 -11 12 -13 14 15 16 17 -18 19 20
uf20-0112 0 6696 7483 7483 -1 2 3 4 5 6 7 8 -9 10 11 12 13 14 15 16 17 18 -19 20
uf20-0113 0 0 6500 6500 1 -2 3 4 -5 6 7 8 9 10 11 -12 -13 14 15 16 17 18 19 -20
uf20-0114 0 7549 7960 7960 1 2 3 4 5 6 7 -8 9 -10 11 12 13 14 15 16 17 -18 19 20
uf20-0115 0 0 0 5570 1 -2 3 4 5 -6 -7 -8 9 10 11 12 13 14 -15 16 17 18 -19 20
uf20-0116 0 5606 6192 6192 1 2 3 4 -5 6 7 8 9 -10 11 12 13 14 -15 16 17 -18 -19 -20
uf20-0117 0 5449 6407 6407 -1 -2 -3 4 5 6 7 8 -9 10 11 12 13 14 15 16 17 18 19 -20
uf20-0118 0 0 6416 6605 1 -2 -3 4 5 -6 7 8 -9 10 11 -12 13 14 15 16 17 18 19 20
uf20-0119 0 0 5530 7538 1 2 3 4 5 6 7 8 -9 10 11 -12 13 14 15 16 17 -18 19 -20
uf20-012 0 4473 5375 5375 1 -2 3 -4 -5 6 7 8 9 -10 -11 12 13 14 15 -16 17 18 19 -20
uf20-0120 0 0 6529 6529 1 -2 3 4 5 6 7 8 9 10 11 12 -13 -14 15 16 17 18 -19 -20
uf20-0121 0 0 7821 7821 1 -2 3 4 -5 6 7 8 9 10 11 12 13 14 15 16 17 18 -19 20
uf20-0122 0 0 7238 7238 1 2 3 4 5 6 7 -8 9 10 11 12 -13 14 -15 16 17 18 19 -20
uf20-0123 0 0 0 8000 1 2 3 4 5 -6 7 8 9 10 -11 12 13 14 15 16 17 18 -19 20
uf20-0124 0 6132 7200 7200 1 2 3 4 5 6 7 8 9 10 11 12 13 14 -15 -16 17 -18 19 -20
uf20-0125 0 7338 8727 8727 1 2 3 4 5 6 7 8 -9 10 11 12 13 14 -15 16 17 18 19 20
uf20-0126 0 0 8130 8130 1 2 3 4 5 6 7 8 9 10 11 12 -13 14 15 -16 17 18 -19 20
uf20-0127 0 0 5643 5643 1 2 3 -4 -5 6 -7 8 9 10 11 12 13 14 15 16 -17 -18 -19 20
uf20-0128 0 5165 6665 6665 1 -2 3 4 5 6 7 8 9 10 11 12 -13 14 15 -16 -17 18 19 -20
uf20-0129 0 0 4382 4382 1 -2 3 4 5 6 7 8 9 10 -11 12 -13 14 -15 -16 17 -18 19 20
uf20-013 0 0 5570 5570 1 2 3 4 5 6 7 8 9 -10 -11 12 -13 14 15 -16 17 -18 -19 20
uf20-0130 0 0 5090 5090 -1 -2 3 4 5 -6 7 8 9 10 11 12 13 -14 -15 16 -17 18 19 -20
uf20-0131 0 0 8047 8047 1 2 3 4 5 -6 7 -8 9 10 -11 12 13 14 15 16 17 18 19 20
uf20-0132 0 0 0 6196 1 2 3 4 5 6 7 8 -9 10 -11 12 -13 14 -15 -16 17 18 19 20
uf20-0133 0 0 8786 8786 1 -2 3 4 5 6 7 -8 9 10 11 12 13 14 15 16 17 18 19 20
uf20-0134 0 0 5743 6323 1 2 -3 -4 5 6 7 8 9 10 11 12 13 14 -15 -16 17 18 -19 20
uf20-0135 0 4402 5550 5550 1 2 3 4 -5 6 7 -8 -9 10 -11 12 13 -14 -15 16 -17 18 19 20
uf20-0136 0 6965 8130 8130 1 2 3 -4 5 6 7 -8 9 10 11 12 13 14 15 16 17 -18 19 20
uf20-0137 0 0 4081 4081 -1 2 -3 4 -5 6 -7 8 9 -10 -11 -12 13 14 -15 16 17 18 19 -20
uf20-0138 0 0 6280 6280 -1 -2 -3 4 5 6 7 8 9 10 -11 12 13 -14 15 16 17 18 -19 20
uf20-0139 0 3784 5633 5633 -1 -2 3 -4 5 6 7 -8 9 10 11 12 13 -14 15 16 17 18 19 20
uf20-014 0 6136 7025 7025 1 -2 3 4 5 6 -7 8 -9 10 11 12 13 14 15 16 17 18 19 -20
uf20-0140 0 0 7955 8816 1 2 3 -4 5 6 7 8 9 10 11 12 13 14 15 -16 17 18 19 20
uf20-0141 0 0 5866 5866 1 2 3 -4 5 6 7 -8 9 10 11 12 -13 14 15 16 17 -18 -19 20
uf20-0142 0 6275 6483 6483 1 2 3 -4 -5 -6 7 8 -9 -10 11 12 13 14 15 16 17 18 19 20
uf20-0143 0 6639 7333 7333 -1 2 3 4 5 6 7 8 -9 10 11 12 -13 14 15 16 17 18 19 20
uf20-0144 0 2099 3132 4605 -1 -2 3 -4 5 6 7 -8 9 10 -11 12 13 -14 -15 16 17 18 -19 20
uf20-0145 0 0 6201 6201 1 2 3 -4 5 6 -7 8 9 10 -11 12 13 -14 15 16 17 18 -19 -20
uf20-0146 0 0 5404 6179 1 2 -3 -4 5 6 7 8 -9 10 -11 12 13 -14 15 16 -17 18 19 20
uf20-0147 0 4619 5874 5874 1 2 3 -4 5 -6 7 8 -9 10 11 -12 13 14 -15 16 17 18 19 -20
uf20-0148 0 0 7276 7276 1 2 -3 4 5 6 7 -8 -9 10 11 12 13 -14 15 -16 17 18 19 20
uf20-0149 0 0 5395 5398 1 2 -3 4 5 6 -7 8 9 -10 -11 12 13 14 15 16 17 18 -19 20
uf20-015 0 0 4623 5046 -1 2 3 4 5 6 7 8 9 10 11 -12 13 14 15 -16 -17 18 19 -20
uf20-0150 0 5198 5595 5595 1 2 3 4 -5 -6 -7 8 -9 10 -11 12 -13 14 15 16 17 18 19 20
uf20-0151 0 0 0 7707 1 2 -3 4 5 6 7 8 9 10 11 12 13 14 15 16 -17 18 -19 20
uf20-0152 0 0 4206 4206 1 2 -3 -4 5 6 7 -8 -9 10 -11 12 13 14 -15 16 17 -18 -19 -20
uf20-0153 0 4648 5528 5528 -1 2 3 -4 5 6 7 8 9 10 -11 -12 13 14 15 -16 17 18 19 -20
uf20-0154 0 0 6096 8111 1 -2 3 4 5 6 7 8 9 10 -11 12 13 14 15 -16 17 18 19 20
uf20-0155 0 0 7280 7280 1 2 3 4 5 -6 -7 8 9 10 11 12 13 14 15 16 -17 18 -19 20
uf20-0156 0 0 5044 5044 1 2 -3 4 5 -6 7 8 9 10 11 -12 13 -14 -15 -16 17 -18 19 20
uf20-0157 0 0 5541 5541 -1 2 3 4 -5 6 7 8 9 10 11 12 -13 14 -15 16 17 -18 -19 20
uf20-0158 0 5343 6179 6179 1 2 3 4 5 6 -7 8 9 10 11 12 13 -14 -15 16 17 -18 19 -20
uf20-0159 0 5297 7001 7001 1 2 -3 -4 5 6 -7 8 9 10 11 -12 13 14 15 16 17 18 19 20
uf20-016 0 0 6936 6936 1 2 -3 4 5 -6 -7 8 9 10 11 12 13 14 15 -16 -17 18 19 20
uf20-0160 0 7801 8538 8538 1 2 -3 4 5 6 7 8 9 10 11 12 13 14 15 16 17 18 19 20
uf20-0161 0 0 7085 7085 1 -2 -3 4 5 6 7 8 9 10 11 12 13 14 15 16 -17 18 -19 20
uf20-0162 0 0 7251 7251 1 2 -3 4 5 6 7 -8 9 10 11 12 -13 14 15 16 17 18 19 -20
uf20-0163 0 7962 8374 8374 -1 2 3 4 5 6 7 8 9 -10 11 12 13 14 15 16 17 18 19 20
uf20-0164 0 0 5080 5080 1 -2 3 4 5 6 7 8 9 -10 11 12 13 -14 15 -16 -17 -18 -19 20
uf20-0165 0 6534 7730 7730 1 2 3 4 5 6 -7 8 9 10 11 -12 13 14 15 16 -17 18 19 -20
uf20-0166 0 4337 5471 5471 -1 2 3 4 -5 6 7 -8 9 10 11 12 -13 -14 -15 16 17 18 19 -20
uf20-0167 0 4797 6535 6535 1 -2 3 4 5 6 7 8 9 10 11 12 13 14 -15 16 -17 18 -19 -20
uf20-0168 0 0 6303 6303 1 -2 3 -4 5 6 7 8 -9 10 11 12 -13 14 15 16 17 18 -19 -20
uf20-0169 0 0 5790 5790 -1 2 3 4 5 6 7 8 9 10 11 -12 13 -14 15 -16 17 18 -19 -20
uf20-017 0 0 6734 7948 1 2 3 4 5 6 7 8 9 10 11 12 -13 14 15 16 -17 18 19 20
uf20-0170 0 6378 6983 6983 1 2 3 4 5 6 7 8 9 -10 11 12 13 14 -15 16 17 -18 19 -20
uf20-0171 0 0 8216 8216 1 2 3 4 5 6 7 8 9 10 11 12 13 14 15 16 -17 18 -19 20
uf20-0172 0 5403 5946 5946 1 2 3 -4 -5 6 -7 -8 -9 10 11 12 13 14 15 16 -17 18 19 20
uf20-0173 0 0 7158 7158 1 -2 3 4 5 6 7 8 9 10 -11 -12 13 14 15 -16 -17 18 19 20
uf20-0174 0 0 6558 6558 1 -2 3 4 5 6 7 8 -9 10 -11 12 -13 14 -15 -16 17 18 19 20
uf20-0175 0 5204 6529 6529 1 2 3 -4 -5 6 -7 8 9 10 11 12 13 14 -15 16 -17 18 19 20
uf20-0176 0 0 0 4940 1 -2 -3 4 5 6 -7 -8 9 -10 -11 12 13 14 15 16 -17 18 19 20
uf20-0177 0 5456 6963 6963 -1 2 3 4 5 6 7 8 9 10 11 12 -13 14 15 16 17 -18 -19 20
uf20-0178 0 0 5355 5355 1 -2 3 4 5 -6 7 8 9 10 11 12 -13 14 -15 -16 17 -18 19 20
uf20-0179 0 0 6786 8429 1 2 3 4 5 6 7 8 9 10 -11 12 13 -14 15 16 17 18 19 20
uf20-018 0 0 6538 6538 1 2 3 -4 5 -6 -7 8 9 10 -11 12 13 14 15 16 17 18 19 20
uf20-0180 0 0 0 6797 1 2 3 4 -5 6 7 8 -9 10 11 12 13 -14 15 16 17 -18 -19 20
uf20-0181 0 5193 6702 6702 1 2 3 4 5 6 -7 -8 9 10 -11 12 13 14 15 16 -17 -18 19 20
uf20-0182 0 5390 6392 6392 -1 2 3 4 5 6 -7 -8 9 10 11 12 13 14 15 16 -17 18 19 20
uf20-0183 0 0 5107 5207 1 2 3 -4 5 6 7 8 -9 10 -11 12 -13 14 15 -16 -17 18 -19 -20
uf20-0184 0 0 6187 6451 -1 2 3 -4 5 6 7 -8 9 10 11 12 -13 14 15 16 17 -18 19 -20
uf20-0185 0 0 0 6543 1 2 -3 4 5 6 7 8 9 -10 11 -12 -13 14 15 16 17 -18 19 20
uf20-0186 0 0 6675 6675 -1 2 3 -4 5 6 7 8 9 -10 11 12 -13 14 15 16 17 18 19 20
uf20-0187 0 5015 5015 5015 -1 2 3 -4 -5 6 7 8 9 -10 11 12 -13 14 15 16 17 -18 19 20
uf20-0188 0 0 4575 5547 1 2 3 4 5 -6 -7 8 9 -10 11 12 13 14 15 -16 17 -18 -19 -20
uf20-0189 0 0 6014 6014 1 -2 3 4 -5 -6 7 -8 9 10 11 -12 13 -14 15 16 17 18 19 -20
uf20-019 0 0 0 5609 -1 -2 3 4 5 -6 7 8 9 10 11 12 13 14 -15 -16 17 -18 19 -20
uf20-0190 0 7418 7907 7907 1 2 3 4 5 6 7 8 -9 10 11 12 13 14 15 16 17 18 19 -20
uf20-0191 0 0 7249 7249 1 2 3 4 -5 6 -7 8 9 10 11 -12 13 14 15 16 17 18 19 20
uf20-0192 0 4079 5389 5389 -1 2 -3 4 5 -6 7 8 9 10 -11 12 13 14 -15 16 17 18 -19 20
uf20-0193 0 0 5675 5675 1 2 3 4 -5 -6 7 8 -9 -10 11 12 -13 14 15 16 17 18 -19 20
uf20-0194 0 0 0 7105 1 2 -3 4 5 6 7 -8 9 -10 -11 -12 13 14 15 16 17 18 19 20
uf20-0195 0 0 7280 7280 1 2 3 4 5 -6 7 8 9 10 -11 12 13 -14 15 16 17 18 19 20
uf20-0196 0 5491 6404 6404 1 2 3 4 5 -6 7 -8 -9 10 11 12 13 14 15 16 -17 -18 19 20
uf20-0197 0 0 5212 5212 1 2 3 -4 -5 -6 7 8 -9 10 -11 12 13 14 15 -16 -17 18 19 20
uf20-0198 0 0 5341 6246 1 -2 3 4 5 -6 7 8 -9 10 11 12 13 -14 -15 16 17 18 19 -20
uf20-0199 0 8133 8621 8621 1 2 3 -4 5 6 7 8 9 10 11 12 13 14 15 16 17 -18 19 20
uf20-02 0 0 4747 4747 1 2 3 -4 5 6 -7 8 -9 -10 -11 12 -13 14 15 16 -17 18 19 -20
uf20-020 0 0 6144 6144 1 2 3 4 5 6 7 8 -9 -10 11 -12 13 -14 15 16 17 18 -19 20
uf20-0200 0 0 3162 3235 1 2 3 -4 5 6 -7 8 -9 -10 -11 12 13 14 -15 -16 -17 -18 19 20
uf20-0201 0 0 5876 5876 1 2 3 4 5 6 7 -8 -9 10 -11 12 13 14 15 16 17 -18 -19 20
uf20-0202 0 0 5385 7052 1 2 3 4 5 6 -7 -8 9 10 11 12 13 14 -15 16 17 18 19 20
uf20-0203 0 3614 5589 5589 1 -2 -3 -4 5 6 -7 8 9 10 11 12 13 14 15 -16 -17 18 19 20
uf20-0204 0 0 5057 5102 -1 2 3 4 5 6 7 -8 9 10 -11 12 13 -14 15 16 -17 -18 19 -20
uf20-0205 0 4224 4889 4889 -1 2 3 4 -5 6 -7 -8 9 -10 11 12 13 14 15 16 17 18 -19 -20
uf20-0206 0 0 8358 8358 1 2 3 4 5 6 7 8 -9 10 11 12 13 14 15 -16 17 18 19 20
uf20-0207 0 0 6560 6560 1 2 3 4 5 -6 7 8 9 -10 11 12 13 14 15 -16 -17 -18 19 20
uf20-0208 0 0 7042 7042 1 2 -3 4 5 6 -7 8 9 10 11 12 13 -14 -15 16 17 18 19 20
uf20-0209 0 0 8227 8227 1 2 3 4 -5 6 7 8 9 10 11 12 -13 14 15 16 17 -18 19 20
uf20-021 0 6114 6451 6451 1 2 3 -4 -5 6 7 8 9 -10 11 12 13 14 15 16 -17 18 19 -20
uf20-0210 0 0 4095 4136 1 -2 -3 4 5 6 7 8 9 10 11 12 13 14 15 -16 -17 -18 19 -20
uf20-0211 0 4663 6673 6673 1 2 3 4 5 6 7 8 -9 -10 11 12 13 -14 -15 16 17 18 19 20
uf20-0212 0 6562 7013 7013 1 2 3 4 -5 6 7 8 -9 10 11 12 13 14 15 16 17 18 -19 -20
uf20-0213 0 4925 5583 5583 1 2 3 -4 5 6 -7 8 9 -10 11 12 13 -14 15 16 17 18 -19 -20
uf20-0214 0 0 7156 7156 1 2 3 -4 5 6 7 8 9 10 11 -12 -13 14 15 -16 17 -18 19 20
uf20-0215 0 0 7290 7290 1 2 3 4 5 -6 7 -8 -9 10 11 12 13 14 15 16 17 18 19 20
uf20-0216 0 0 3719 4882 1 -2 -3 4 -5 6 -7 8 -9 10 -11 12 -13 14 15 -16 17 18 19 20
uf20-0217 0 5027 7423 7423 1 -2 -3 4 5 6 7 8 9 -10 11 12 13 14 15 16 17 18 19 20
uf20-0218 0 0 3420 5168 1 2 -3 -4 5 -6 7 8 9 10 -11 12 13 14 -15 -16 17 18 19 -20
uf20-0219 0 4212 6227 6227 1 2 3 4 5 6 -7 -8 9 10 11 -12 -13 14 15 16 17 18 -19 20
uf20-022 0 4721 6289 6289 -1 2 -3 4 -5 -6 7 8 9 10 11 12 13 14 -15 16 17 18 19 20
uf20-0220 0 3544 4772 4772 1 -2 3 4 5 6 7 -8 -9 10 -11 -12 13 14 15 -16 17 -18 19 20
uf20-0221 0 6903 7849 7849 -1 2 3 4 5 -6 7 8 9 -10 11 12 13 14 15 16 17 18 19 20
uf20-0222 0 6957 8786 8786 1 2 3 4 5 6 7 8 -9 10 11 12 13 14 15 16 17 -18 19 20
uf20-0223 0 0 0 8047 -1 2 3 4 5 6 7 8 9 -10 -11 12 13 14 15 16 17 18 19 20
uf20-0224 0 0 5727 5727 1 2 -3 -4 5 6 7 8 9 -10 11 12 13 -14 -15 -16 17 18 19 20
uf20-0225 0 0 5366 5366 1 -2 3 4 -5 6 -7 8 9 -10 11 -12 -13 14 15 16 17 18 19 20
uf20-0226 0 5231 6042 6042 1 2 3 4 5 6 -7 8 9 10 -11 12 13 14 -15 16 17 -18 19 -20
uf20-0227 0 0 7986 7986 1 2 3 4 5 6 7 8 9 -10 -11 12 13 14 15 16 17 18 19 20
uf20-0228 0 4683 5854 6480 1 2 3 4 5 6 -7 8 9 -10 11 12 13 -14 15 -16 17 18 19 -20
uf20-0229 0 0 7855 7855 1 2 3 4 5 6 7 8 9 10 -11 12 13 14 15 -16 -17 18 19 20
uf20-023 0 0 5746 5746 1 2 3 4 -5 6 7 8 9 10 -11 12 13 14 -15 16 -17 18 -19 -20
uf20-0230 0 0 4301 5298 1 2 -3 4 5 6 7 8 9 10 -11 -12 13 14 15 16 -17 -18 -19 20
uf20-0231 0 0 4471 4471 -1 -2 3 4 5 6 7 -8 9 -10 11 12 13 14 15 16 17 -18 -19 20
uf20-0232 0 0 4730 6589 1 2 -3 -4 5 6 7 8 9 10 -11 12 13 -14 15 -16 17 18 19 20
uf20-0233 0 0 6697 6697 1 -2 3 4 5 -6 7 8 9 -10 11 -12 13 14 15 16 17 18 19 -20
uf20-0234 0 0 6029 6029 1 -2 3 4 5 6 -7 -8 9 10 11 12 -13 14 15 16 17 18 -19 20
uf20-0235 0 0 7693 7693 1 2 3 4 5 -6 7 8 9 10 11 12 13 14 15 -16 -17 18 19 20
uf20-0236 0 7468 8351 8351 1 2 3 4 -5 6 7 8 9 -10 11 12 13 14 -15 16 17 18 19 20
uf20-0237 0 0 4105 5677 1 -2 3 4 5 6 -7 8 -9 -10 11 12 13 14 15 -16 -17 18 -19 20
uf20-0238 0 5873 7534 7534 1 2 3 4 -5 6 -7 8 9 10 11 12 13 -14 15 16 17 18 19 20
uf20-0239 0 0 6901 6901 1 2 3 4 5 6 7 8 -9 10 11 12 -13 14 15 16 17 18 -19 20
uf20-024 0 0 4886 4886 1 -2 3 -4 5 -6 -7 -8 9 10 11 -12 -13 14 15 -16 17 18 19 20
uf20-0240 0 0 6010 6010 1 2 3 4 5 6 -7 8 -9 10 11 -12 -13 14 -15 16 17 18 19 20
uf20-0241 0 0 6120 6120 -1 -2 3 4 5 6 -7 8 9 10 11 12 -13 14 15 16 17 18 19 20
uf20-0242 0 6348 6512 6512 -1 2 3 4 -5 6 7 8 -9 10 -11 12 13 14 15 16 17 18 19 -20
uf20-0243 0 5475 5992 5992 1 2 -3 -4 -5 6 -7 8 9 10 11 -12 13 14 15 16 17 -18 19 20
uf20-0244 0 0 0 6261 -1 2 3 4 5 6 7 8 9 10 11 12 -13 14 -15 16 17 18 -19 -20
uf20-0245 0 3867 4183 4183 1 2 3 -4 5 6 7 8 -9 -10 11 -12 13 14 -15 -16 -17 -18 19 -20
uf20-0246 0 5156 6400 6400 -1 2 3 4 -5 6 7 8 9 10 -11 12 13 -14 -15 16 17 18 19 20
uf20-0247 0 0 7910 7910 1 2 -3 4 -5 6 7 8 9 10 11 12 13 14 15 16 17 -18 19 20
uf20-0248 0 6657 6897 6897 1 2 -3 -4 -5 6 7 8 9 -10 11 12 13 14 15 16 17 18 19 20
uf20-0249 0 5453 6524 6524 -1 -2 -3 4 -5 6 7 8 9 -10 11 12 13 14 15 16 17 18 19 20
uf20-025 0 0 6830 6830 1 2 3 4 5 6 7 -8 9 10 11 12 -13 14 15 -16 17 18 -19 20
uf20-0250 0 6269 8373 8373 1 2 3 4 -5 6 7 8 9 10 11 12 13 14 15 16 17 18 -19 20
uf20-0251 0 5854 7247 7247 1 -2 -3 4 5 6 7 8 9 10 11 12 13 -14 15 16 17 18 19 -20
uf20-0252 0 0 6290 6290 1 2 3 -4 5 6 7 8 9 10 11 12 13 -14 -15 16 -17 18 -19 20
uf20-0253 0 0 5677 7177 1 2 -3 4 5 6 -7 8 9 -10 11 12 13 14 15 -16 17 18 19 20
uf20-0254 0 0 5787 6239 1 -2 3 4 5 6 7 8 9 -10 11 12 -13 14 15 -16 -17 18 19 20
uf20-0255 0 0 6484 6484 1 -2 3 4 5 6 -7 8 -9 -10 -11 12 13 14 15 16 17 18 19 -20
uf20-0256 0 0 7088 7088 1 -2 3 4 5 6 -7 8 9 10 11 12 13 14 -15 16 17 18 19 20
uf20-0257 0 0 7144 7144 1 -2 -3 4 5 6 7 8 9 10 11 12 13 14 15 -16 17 18 -19 20
uf20-0258 0 0 6570 6778 1 -2 3 4 5 -6 7 8 9 10 11 12 13 14 -15 16 17 -18 19 20
uf20-0259 0 0 6990 6990 1 2 3 -4 5 6 7 8 9 10 11 12 13 -14 15 -16 -17 18 -19 20
uf20-026 0 0 0 6140 1 2 3 4 5 6 7 -8 9 10 -11 -12 13 14 -15 16 17 18 -19 -20
uf20-0260 0 0 5891 5891 1 2 3 4 5 -6 7 8 9 10 11 12 13 14 15 -16 -17 -18 -19 -20
uf20-0261 0 0 6663 6663 -1 2 -3 4 5 6 7 8 9 10 -11 12 13 14 15 16 17 18 -19 20
uf20-0262 0 0 4399 6255 1 2 3 4 5 6 -7 -8 -9 10 11 12 13 -14 15 16 17 -18 -19 20
uf20-0263 0 6282 6913 6913 -1 2 3 -4 5 6 -7 8 9 10 11 12 -13 14 15 16 17 18 19 20
uf20-0264 0 0 5786 5786 -1 -2 3 4 5 6 7 8 9 -10 -11 -12 13 14 -15 16 -17 18 19 20
uf20-0265 0 0 7480 8388 -1 2 3 4 5 6 7 8 9 -10 11 12 13 14 15 16 17 18 19 20
uf20-0266 0 0 6841 6871 1 2 3 4 5 6 7 8 9 -10 11 12 13 -14 15 -16 17 -18 19 20
uf20-0267 0 0 6585 6585 1 2 3 -4 5 -6 7 -8 9 -10 11 12 13 14 -15 16 17 18 19 20
uf20-0268 0 7065 8014 8014 1 2 3 4 5 6 7 8 9 -10 11 12 -13 14 15 16 17 -18 19 20
uf20-0269 0 0 4948 5601 1 -2 3 4 5 6 7 8 9 10 -11 12 -13 -14 -15 16 17 18 -19 20
uf20-027 0 0 0 7237 -1 2 3 -4 5 6 7 -8 9 10 11 12 13 -14 15 16 17 18 19 20
uf20-0270 0 4272 7661 7661 -1 -2 3 4 5 6 7 8 9 -10 11 -12 13 14 15 16 17 18 19 20
uf20-0271 0 0 5870 5870 -1 -2 3 4 -5 -6 7 8 9 10 11 12 13 14 15 -16 17 18 19 20
uf20-0272 0 0 5282 5480 1 2 -3 -4 -5 -6 7 8 9 10 -11 12 -13 14 15 16 17 18 -19 20
uf20-0273 0 4593 6414 6414 1 2 3 -4 5 6 7 8 9 -10 11 12 13 -14 15 -16 17 -18 19 20
uf20-0274 0 5563 7164 7164 1 -2 3 -4 5 6 7 8 9 -10 11 12 13 14 15 -16 17 18 19 20
uf20-0275 0 4721 4882 4882 1 -2 3 -4 5 6 -7 8 -9 10 11 12 13 14 15 16 17 18 -19 -20
uf20-0276 0 0 6998 6998 -1 -2 3 4 5 6 7 8 9 10 11 12 13 -14 15 -16 17 18 19 20
uf20-0277 0 5053 6052 6052 1 2 3 4 -5 6 7 -8 -9 10 11 12 -13 -14 15 -16 17 18 19 20
uf20-0278 0 4719 4867 4867 -1 -2 3 -4 -5 6 -7 8 9 10 11 12 13 -14 15 16 17 18 19 -20
uf20-0279 0 0 7425 7425 1 2 3 4 -5 6 7 -8 9 10 11 -12 13 14 15 -16 17 18 19 20
uf20-028 0 0 0 5256 1 2 -3 4 5 6 -7 8 9 10 -11 12 13 -14 -15 -16 17 -18 19 20
uf20-0280 0 0 6995 6995 1 2 3 -4 5 6 7 8 -9 10 -11 12 13 -14 15 16 17 18 19 20
uf20-0281 0 0 7099 7099 1 2 3 4 -5 6 7 8 9 10 11 -12 13 14 15 16 17 18 19 -20
uf20-0282 0 0 5135 5135 -1 2 3 4 5 6 -7 8 9 -10 -11 12 13 -14 15 -16 17 18 -19 -20
uf20-0283 0 0 7832 7832 1 2 3 4 5 6 7 -8 9 10 11 12 13 14 15 16 17 18 -19 20
uf20-0284 0 5537 6397 6397 1 2 -3 4 5 6 7 8 -9 -10 11 12 13 14 15 -16 17 18 19 -20
uf20-0285 0 0 5790 5790 1 -2 3 4 5 -6 7 8 9 10 11 12 -13 14 15 16 -17 -18 19 -20
uf20-0286 0 4719 5788 6028 -1 -2 3 4 5 6 7 8 9 -10 11 12 -13 14 15 -16 17 -18 19 20
uf20-0287 0 0 0 6089 -1 2 3 -4 5 6 7 8 -9 10 11 12 -13 14 -15 16 -17 18 19 20
uf20-0288 0 0 5960 6196 1 2 -3 4 -5 6 -7 8 9 -10 11 12 13 -14 15 16 17 18 19 20
uf20-0289 0 0 6005 6005 1 2 -3 4 5 -6 -7 8 -9 10 -11 12 13 14 15 16 17 18 19 20
uf20-029 0 0 5613 5613 1 2 3 4 5 -6 -7 -8 9 10 11 12 13 -14 15 16 -17 -18 19 20
uf20-0290 0 0 5824 5824 1 2 -3 4 -5 6 -7 8 9 10 11 12 -13 -14 15 16 -17 18 19 20
uf20-0291 0 0 9295 9295 1 2 3 4 5 6 7 8 9 10 11 12 -13 14 15 16 17 18 19 20
uf20-0292 0 6561 6992 6992 -1 2 -3 -4 5 6 7 8 9 -10 11 12 13 14 15 16 17 18 19 20
uf20-0293 0 6888 7442 7442 -1 2 -3 4 5 6 7 8 9 10 11 12 13 14 15 16 17 -18 19 20
uf20-0294 0 5201 7644 7644 1 2 3 4 5 6 7 8 9 10 -11 12 -13 14 15 16 17 -18 -19 20
uf20-0295 0 3390 5262 5699 1 2 3 -4 5 -6 7 -8 -9 10 11 12 13 14 15 -16 17 -18 19 -20
uf20-0296 0 5157 5870 6096 -1 2 3 4 -5 6 7 -8 -9 10 11 12 13 -14 15 16 17 18 19 20
uf20-0297 0 0 0 5327 1 2 3 4 5 -6 7 8 9 -10 11 12 -13 -14 15 -16 17 18 -19 -20
uf20-0298 0 0 7106 7361 1 2 -3 4 5 6 7 8 9 10 -11 -12 -13 14 15 16 17 18 19 20
uf20-0299 0 0 4862 4862 1 -2 3 4 -5 6 -7 -8 -9 10 -11 12 13 14 15 16 -17 18 -19 20
uf20-03 0 0 2994 3118 1 2 3 4 5 6 -7 8 9 10 11 -12 13 14 15 -16 17 -18 19 20
uf20-030 0 0 2859 3493 1 2 3 4 -5 6 7 8 9 -10 11 -12 13 14 15 16 17 18 -19 20
uf20-0300 0 5441 6709 6709 1 2 3 4 5 6 7 8 9 10 -11 12 13 14 15 -16 17 -18 19 -20
uf20-0301 0 0 7295 7295 1 2 -3 -4 5 6 7 -8 9 10 11 12 -13 14 15 16 17 18 19 20
uf20-0302 0 0 7400 7400 1 2 3 4 5 -6 7 8 9 10 11 12 -13 14 -15 16 17 18 19 -20
uf20-0303 0 0 3504 3504 -1 2 -3 4 -5 -6 7 8 9 10 11 -12 13 -14 -15 -16 17 18 19 -20
uf20-0304 0 0 0 5946 1 -2 -3 4 -5 6 7 8 9 10 -11 12 13 14 15 16 17 18 -19 -20
uf20-0305 0 2802 3420 3420 1 2 3 -4 -5 6 7 8 9 10 11 -12 13 14 15 -16 17 18 19 20
uf20-0306 0 0 2134 2134 -1 2 3 4 -5 -6 7 8 9 10 11 -12 -13 -14 -15 16 17 18 19 -20
uf20-0307 0 0 3442 3442 1 2 3 -4 5 -6 7 -8 9 10 11 12 13 14 15 16 -17 18 -19 20
uf20-0308 0 0 3265 3265 1 2 3 4 5 6 -7 -8 9 10 11 12 13 -14 15 16 -17 18 -19 20
uf20-0309 0 2340 2725 2725 1 2 3 -4 5 6 7 8 9 -10 11 12 13 -14 15 16 17 -18 -19 -20
uf20-031 0 1737 2377 2390 -1 -2 3 -4 5 6 7 8 9 10 11 -12 -13 14 15 16 17 18 -19 -20
uf20-0310 0 0 3231 3231 1 2 3 4 5 6 7 -8 9 -10 11 12 13 14 15 16 17 -18 -19 -20
uf20-0311 0 2926 3524 3524 1 2 3 4 5 6 7 -8 9 -10 11 12 13 14 15 -16 17 -18 19 20
uf20-0312 0 0 2330 2502 1 2 3 -4 5 6 -7 8 9 10 11 -12 13 -14 -15 -16 -17 -18 19 20
uf20-0313 0 0 2502 2502 1 2 3 -4 5 -6 7 -8 -9 -10 11 -12 13 14 15 16 17 18 19 -20
uf20-0314 0 0 3700 3700 1 2 3 4 5 6 -7 8 9 10 11 -12 13 14 15 16 17 18 -19 20
uf20-0315 0 0 3514 3709 1 2 3 4 5 6 7 8 -9 -10 11 12 13 14 15 16 17 18 -19 20
uf20-0316 0 1896 2061 2498 1 2 3 -4 -5 -6 -7 8 9 10 11 12 13 14 -15 16 17 -18 -19 20
uf20-0317 0 0 1685 2640 1 -2 3 -4 5 -6 7 -8 9 10 11 -12 13 14 15 -16 17 18 19 -20
uf20-0318 0 2909 3829 3829 1 2 3 4 5 6 -7 8 9 10 11 12 13 14 -15 16 17 -18 19 20
uf20-0319 0 2896 4034 4034 1 2 3 4 5 6 7 8 -9 10 -11 12 13 14 15 16 17 18 19 20
uf20-032 0 0 3411 3411 1 2 3 4 5 6 -7 -8 9 -10 11 12 13 14 -15 16 17 18 19 20
uf20-0320 0 0 2364 3568 1 2 -3 4 5 6 7 -8 9 10 11 -12 -13 14 15 16 17 18 19 20
uf20-0321 0 0 2984 2984 1 2 3 4 5 6 -7 -8 9 10 11 12 13 -14 15 16 -17 18 19 -20
uf20-0322 0 0 2572 3439 1 -2 3 -4 5 6 7 8 9 10 11 12 13 -14 -15 16 17 18 19 -20
uf20-0323 0 0 1844 2002 -1 -2 -3 4 5 6 -7 -8 9 10 11 12 -13 14 -15 16 17 18 -19 20
uf20-0324 0 0 3199 3199 1 2 3 4 5 -6 7 8 9 10 11 -12 13 -14 15 16 -17 18 19 -20
uf20-0325 0 1790 1921 4098 1 2 -3 4 5 6 7 8 9 -10 11 12 13 14 15 16 17 18 19 20
uf20-0326 0 2279 2731 2731 -1 2 3 4 5 -6 7 8 9 -10 -11 12 -13 14 -15 -16 17 18 19 20
uf20-0327 0 0 2784 3070 1 2 3 4 5 6 7 8 9 10 -11 -12 13 14 15 16 -17 18 19 20
uf20-0328 0 2915 2915 2915 -1 2 3 4 5 6 -7 -8 -9 -10 11 12 13 14 15 16 17 -18 19 20
uf20-0329 0 2131 2544 2544 -1 2 3 4 5 6 7 -8 9 -10 11 12 -13 14 15 16 -17 -18 19 -20
uf20-0330 0 0 1970 1970 1 2 -3 4 -5 -6 7 -8 9 10 11 12 13 14 -15 16 -17 -18 -19 20
uf20-0331 0 0 2938 2938 1 2 -3 4 5 6 7 8 9 10 11 -12 13 -14 15 -16 17 -18 19 -20
uf20-0332 0 0 0 2447 1 -2 -3 -4 5 6 -7 -8 9 10 11 12 -13 14 15 16 -17 18 -19 20
uf20-0333 0 0 3505 3508 1 -2 3 4 5 6 7 -8 9 10 11 12 -13 14 15 16 17 18 -19 20
uf20-0334 0 1914 2212 2277 -1 -2 -3 4 5 6 7 -8 9 -10 11 12 -13 14 -15 16 17 18 19 20
uf20-0335 0 1980 2189 3038 -1 2 3 4 5 6 7 8 9 10 -11 -12 13 -14 15 16 17 -18 19 20
uf20-0336 0 0 942 1818 1 -2 3 -4 -5 -6 7 -8 -9 10 -11 -12 13 -14 15 16 17 -18 19 20
uf20-0337 0 2695 3091 3091 1 2 3 -4 5 6 7 8 9 -10 -11 12 13 14 15 16 17 -18 19 20
uf20-0338 0 0 2027 2545 1 2 3 4 5 -6 7 -8 9 10 11 12 -13 -14 -15 16 17 18 -19 -20
uf20-0339 0 0 3995 3995 -1 2 3 4 5 6 7 8 9 -10 11 12 13 14 15 16 17 18 19 20
uf20-034 0 2843 3764 3764 1 2 3 4 5 -6 7 8 9 10 11 12 13 -14 15 16 17 18 19 -20
uf20-0342 0 0 2885 3145 1 2 -3 4 5 -6 -7 8 9 10 11 12 -13 14 -15 16 17 18 19 20
uf20-0343 0 0 2593 2593 -1 -2 -3 4 5 6 -7 8 9 -10 -11 12 13 14 15 -16 17 18 19 20
uf20-0344 0 0 2853 2969 1 2 -3 4 5 6 7 -8 9 10 11 -12 13 -14 15 -16 17 18 19 -20
uf20-0345 0 0 3584 3584 1 2 3 4 -5 -6 7 8 9 10 11 -12 13 14 -15 16 17 18 19 20
uf20-0346 0 0 0 2593 1 2 -3 4 5 6 -7 -8 9 -10 -11 12 13 -14 15 16 17 18 -19 20
uf20-0347 0 1630 3682 3682 1 2 3 4 -5 6 7 8 9 10 11 12 13 14 15 16 -17 18 -19 20
uf20-0348 0 2948 3997 3997 1 2 3 4 5 6 7 8 9 10 -11 12 13 -14 15 16 17 18 19 20
uf20-0349 0 0 2352 2352 1 -2 -3 4 -5 6 -7 -8 9 10 11 12 13 -14 15 -16 -17 18 19 20
uf20-035 0 3089 3726 3726 1 2 3 -4 5 6 -7 8 9 10 11 12 -13 14 -15 16 17 18 19 20
uf20-0350 0 0 0 1878 1 -2 -3 4 -5 -6 -7 8 9 -10 -11 -12 13 14 15 -16 17 18 19 20
uf20-0351 0 0 3682 3682 1 2 3 4 5 6 7 8 9 -10 -11 12 13 14 15 16 -17 18 19 20
uf20-0352 0 0 0 3229 1 2 3 4 5 6 -7 8 9 -10 -11 -12 13 14 15 16 17 18 19 20
uf20-0353 0 0 4119 4119 1 2 3 4 5 -6 7 8 9 10 11 12 -13 14 15 16 17 18 19 20
uf20-0354 0 2628 2928 2928 -1 2 3 -4 -5 6 7 8 9 -10 11 12 -13 14 -15 16 17 18 19 20
uf20-0355 0 0 3592 4057 1 2 3 4 5 6 7 8 9 10 11 12 13 -14 15 16 17 -18 19 20
uf20-0356 0 0 3983 3983 1 2 3 4 5 6 7 8 9 10 -11 -12 13 14 15 16 17 18 -19 20
uf20-0357 0 2452 2990 2990 1 2 3 4 5 -6 -7 -8 -9 10 11 12 13 14 15 -16 17 -18 19 20
uf20-0358 0 2667 3481 3481 1 2 3 4 5 6 -7 -8 9 10 11 -12 13 14 -15 16 17 18 19 20
uf20-0359 0 0 2405 2405 -1 2 -3 4 5 -6 7 8 9 10 -11 12 13 -14 -15 16 -17 18 19 20
uf20-036 0 3093 3403 3403 -1 2 3 4 5 6 -7 8 9 10 11 -12 13 14 15 16 17 18 19 -20
uf20-0360 0 2668 3197 3197 1 2 3 4 -5 6 7 -8 9 10 11 12 -13 14 15 16 -17 -18 19 20
uf20-0361 0 0 3362 3362 1 2 3 4 5 6 7 8 9 -10 11 12 13 14 15 -16 -17 18 19 20
uf20-0362 0 0 2559 2559 1 2 3 -4 5 6 7 -8 9 10 -11 12 13 14 -15 -16 17 -18 19 20
uf20-0363 0 0 3670 3670 1 2 -3 4 5 -6 7 8 9 10 11 12 13 14 15 16 17 -18 19 20
uf20-0364 0 2394 3115 3115 1 2 3 4 5 6 7 8 9 10 -11 -12 13 -14 15 16 17 -18 19 -20
uf20-0365 0 0 0 2697 -1 2 -3 -4 5 6 7 8 -9 10 11 12 13 14 15 -16 -17 18 19 20
uf20-0366 0 0 3177 3177 1 2 3 4 -5 6 7 8 9 10 -11 -12 -13 14 15 16 17 18 19 -20
uf20-0367 0 0 2511 2511 1 -2 3 4 -5 -6 7 8 9 -10 11 12 -13 14 15 16 17 18 -19 -20
uf20-0368 0 0 3626 3626 -1 -2 3 -4 5 6 7 8 9 10 11 12 13 14 15 16 17 18 19 20
uf20-0369 0 0 3138 3138 -1 2 3 4 -5 -6 7 8 9 10 -11 12 13 14 15 16 17 18 -19 20
uf20-037 0 2563 3183 3183 -1 2 -3 4 5 6 7 8 9 -10 11 12 13 14 -15 -16 17 18 19 20
uf20-0370 0 0 2177 2177 1 -2 3 4 -5 6 7 -8 9 10 -11 12 -13 14 15 16 17 18 -19 -20
uf20-0371 0 0 0 3384 -1 2 3 4 5 6 7 -8 9 10 -11 12 13 14 15 16 -17 -18 19 20
uf20-0372 0 0 2907 2907 1 -2 -3 4 5 6 7 -8 9 -10 11 12 13 14 15 -16 17 18 19 20
uf20-0373 0 0 2344 2344 1 2 3 4 -5 -6 7 8 9 10 -11 12 13 14 -15 -16 -17 -18 19 20
uf20-0374 0 0 2320 2320 -1 -2 3 -4 5 6 7 8 -9 10 11 -12 -13 -14 -15 16 -17 18 19 20
uf20-0375 0 0 2303 2303 1 2 3 4 5 -6 7 -8 9 -10 11 12 13 -14 15 16 -17 18 -19 -20
uf20-0376 0 2565 3208 3208 1 2 -3 -4 5 6 7 8 9 10 11 12 13 -14 15 16 17 -18 19 -20
uf20-0377 0 0 3935 4077 1 2 3 4 5 6 7 -8 9 10 11 12 13 14 15 16 17 18 -19 20
uf20-0378 0 2080 2438 3437 1 2 3 4 5 6 7 -8 -9 10 11 12 -13 14 -15 -16 17 18 19 20
uf20-0379 0 2961 3444 3444 1 2 3 4 -5 6 7 8 9 10 -11 12 13 14 -15 16 17 -18 19 20
uf20-038 0 0 2684 2684 1 2 3 4 5 -6 7 8 -9 10 -11 12 -13 14 -15 -16 17 18 19 -20
uf20-0380 0 1706 2937 2937 1 2 3 4 5 6 -7 8 9 10 11 12 13 -14 15 16 -17 18 -19 -20
uf20-0381 0 0 3392 3542 1 2 -3 4 5 -6 7 8 9 10 11 12 13 14 15 16 17 -18 19 20
uf20-0382 0 0 2542 2542 -1 2 -3 4 5 6 7 -8 9 -10 -11 12 -13 14 15 16 17 18 19 20
uf20-0383 0 0 2550 2550 -1 -2 3 4 5 6 7 -8 9 -10 11 -12 13 14 15 -16 17 18 -19 20
uf20-0384 0 2429 3051 3051 1 2 -3 4 5 6 7 8 9 -10 11 -12 13 14 -15 16 17 -18 19 -20
uf20-0385 0 0 3132 3132 1 -2 3 4 5 6 7 8 9 10 -11 -12 13 -14 -15 16 17 18 19 20
uf20-0386 0 0 3847 3847 1 -2 3 4 5 -6 7 8 9 10 11 12 13 14 15 16 17 -18 19 20
uf20-0387 0 2310 2676 2676 -1 2 -3 4 5 6 -7 8 9 -10 11 -12 13 14 15 16 17 18 -19 20
uf20-0388 0 0 3148 3148 1 -2 3 4 5 6 -7 8 9 10 -11 12 13 14 15 -16 -17 18 19 20
uf20-0389 0 0 2661 2661 1 -2 3 4 5 6 -7 -8 -9 -10 11 12 -13 14 15 16 17 18 -19 20
uf20-039 0 1801 2988 2988 -1 2 -3 -4 5 6 7 8 9 -10 -11 12 13 14 15 16 17 18 -19 20
uf20-0390 0 0 0 3530 1 2 3 4 5 6 7 8 9 10 -11 -12 13 14 -15 16 17 18 -19 20
uf20-0391 0 0 3208 3213 1 -2 3 4 5 -6 7 -8 9 10 11 12 13 -14 -15 16 17 18 19 20
uf20-0392 0 0 3007 3018 1 2 -3 4 5 6 7 -8 9 10 11 -12 13 14 -15 -16 17 18 19 20
uf20-0393 0 2780 3488 3488 1 2 3 4 5 6 7 8 9 10 11 12 13 14 15 16 -17 18 -19 -20
uf20-0394 0 0 2705 2705 1 -2 -3 4 -5 6 7 8 9 -10 11 12 13 14 15 -16 -17 18 -19 20
uf20-0395 0 0 4023 4023 1 2 3 4 5 -6 7 8 9 10 -11 12 13 14 15 16 17 18 19 20
uf20-0396 0 0 2588 2595 1 2 3 4 5 6 7 -8 9 10 11 12 -13 14 -15 16 -17 -18 19 20
uf20-0397 0 0 2650 2734 1 -2 3 -4 5 6 -7 8 9 10 11 12 -13 -14 15 -16 17 18 19 20
uf20-0398 0 0 3668 3668 1 2 3 4 -5 6 7 8 9 10 11 12 13 -14 15 -16 17 18 19 20
uf20-0399 0 0 2669 2669 1 2 -3 -4 -5 6 7 8 -9 -10 11 12 -13 14 15 16 -17 18 19 20
uf20-04 0 0 3089 3089 -1 -2 3 4 5 -6 7 8 -9 10 11 -12 13 14 -15 16 17 18 19 20
uf20-040 0 0 2616 2616 1 2 3 4 5 6 -7 -8 9 10 -11 12 -13 -14 -15 16 17 -18 19 20
uf20-0400 0 2659 3194 3194 -1 2 3 4 5 6 7 -8 9 10 -11 12 13 14 15 16 17 18 -19 20
uf20-0401 0 0 3868 3910 1 2 -3 4 5 -6 7 8 9 10 11 12 13 14 15 16 17 18 19 20
uf20-0402 0 0 2274 2407 1 -2 3 -4 5 -6 7 8 9 -10 -11 12 13 14 -15 16 -17 -18 19 20
uf20-0403 0 0 3681 3681 1 2 3 4 5 -6 7 -8 9 10 11 12 13 14 15 16 17 -18 19 20
uf20-0404 0 0 2802 2813 1 -2 -3 -4 5 6 7 8 -9 10 11 12 13 14 -15 -16 17 18 19 20
uf20-0405 0 0 2484 2484 -1 2 3 4 5 6 7 -8 9 10 -11 -12 -13 14 15 16 17 18 19 -20
uf20-0406 0 0 0 2883 1 2 3 -4 5 6 7 -8 9 10 -11 12 -13 14 -15 -16 17 18 19 20
uf20-0407 0 0 3578 3578 1 -2 3 4 5 6 7 8 9 10 11 12 13 -14 15 -16 17 18 19 20
uf20-0408 0 0 3666 4028 1 2 3 4 5 6 7 8 9 -10 11 -12 13 14 15 16 17 18 19 20
uf20-0409 0 0 2508 2508 1 2 3 -4 5 6 7 8 -9 -10 11 -12 -13 14 -15 -16 17 18 19 20
uf20-041 0 0 3764 3764 -1 2 -3 -4 5 6 7 8 9 10 11 12 13 14 15 16 17 18 19 20
uf20-0410 0 1858 2969 3442 1 2 3 4 5 6 7 -8 9 -10 -11 12 13 14 15 16 17 -18 19 20
uf20-0411 0 2807 3722 3722 1 2 3 -4 5 6 7 8 9 10 11 12 -13 -14 15 16 17 -18 19 20
uf20-0412 0 0 3101 3101 -1 2 3 4 5 -6 7 8 9 10 11 12 -13 14 15 -16 17 18 19 -20
uf20-0413 0 0 4188 4312 1 2 3 4 5 6 7 8 9 10 11 -12 13 -14 15 16 17 18 19 20
uf20-0414 0 0 3909 3909 1 2 -3 4 5 6 7 -8 9 10 11 12 13 14 15 16 -17 18 19 20
uf20-0415 0 0 1411 2151 -1 -2 3 4 5 -6 7 -8 9 10 11 12 -13 -14 15 16 -17 -18 19 20
uf20-0416 0 0 3603 3893 1 -2 3 4 5 6 7 8 9 10 -11 12 13 14 -15 16 17 18 19 20
uf20-0417 0 2479 3502 3502 1 2 3 4 -5 6 7 8 9 10 -11 -12 13 14 15 16 17 18 19 20
uf20-0418 0 2870 3729 3729 -1 2 3 4 5 6 7 8 9 10 -11 12 13 14 15 -16 17 18 19 20
uf20-0419 0 0 2412 2476 1 -2 3 4 -5 6 -7 8 9 10 11 -12 13 14 -15 16 -17 18 -19 20
uf20-042 0 2787 2986 2986 1 2 3 4 5 6 7 8 -9 10 -11 12 13 -14 -15 16 17 -18 19 20
uf20-0420 0 0 3285 3285 1 2 -3 4 5 6 -7 8 9 10 11 -12 13 14 15 16 17 18 -19 20
uf20-0421 0 1778 1979 1991 -1 2 -3 -4 5 6 -7 8 9 10 11 12 -13 -14 -15 16 17 -18 19 20
uf20-0422 0 0 4098 4098 1 2 3 4 5 6 7 8 9 10 -11 12 13 -14 15 16 17 -18 19 20
uf20-0423 0 2003 2420 2420 -1 2 -3 -4 5 6 7 8 9 10 11 12 13 14 15 -16 17 -18 -19 -20
uf20-0424 0 2746 3067 3067 1 2 3 4 5 6 7 8 -9 -10 11 -12 13 14 -15 16 17 18 -19 -20
uf20-0425 2633 3112 3112 3112 1 2 3 4 -5 6 -7 8 -9 10 11 12 13 14 15 16 17 -18 19 20
uf20-0426 0 0 3197 3197 1 -2 3 4 5 -6 7 -8 9 -10 11 12 13 -14 15 16 17 18 19 20
uf20-0427 0 2630 3049 3049 1 2 3 4 5 -6 7 8 9 10 11 12 -13 14 15 16 17 -18 19 -20
uf20-0428 0 1811 2395 2395 1 2 3 -4 5 -6 -7 8 9 10 11 -12 -13 -14 15 16 -17 18 19 20
uf20-0429 0 3024 3894 3894 1 2 3 4 -5 -6 7 8 9 10 11 12 13 14 15 16 -17 18 19 20
uf20-043 0 2085 2536 2536 -1 2 3 -4 5 6 7 8 9 10 11 12 13 -14 -15 -16 17 -18 19 -20
uf20-0430 0 0 1477 2165 1 -2 -3 4 5 6 7 8 9 10 11 12 13 -14 -15 -16 17 18 -19 20
uf20-0431 0 0 3384 3384 1 2 3 4 5 -6 7 8 -9 10 11 -12 13 14 -15 16 17 18 19 20
uf20-0432 0 2736 3220 3220 1 2 3 4 -5 6 7 8 9 -10 11 12 -13 14 15 16 17 18 -19 -20
uf20-0433 0 0 0 2844 -1 2 3 4 5 6 7 8 9 10 -11 -12 13 -14 15 -16 17 18 19 -20
uf20-0434 0 3025 3431 3431 1 2 3 4 -5 6 7 8 -9 10 11 12 -13 14 15 16 17 18 -19 20
uf20-0435 0 0 3030 3030 1 2 3 4 5 6 7 -8 9 -10 11 12 13 14 15 16 -17 18 -19 -20
uf20-0436 0 2937 3531 3531 -1 2 3 4 -5 6 7 8 9 10 11 12 13 -14 15 16 17 18 -19 20
uf20-0437 0 0 0 2507 1 -2 3 4 5 6 -7 8 9 10 11 12 -13 -14 -15 16 17 18 19 -20
uf20-0438 0 2581 3108 3108 -1 -2 3 4 -5 6 7 8 9 10 11 12 13 14 15 16 17 18 -19 -20
uf20-0439 0 2844 3469 3469 1 2 3 -4 5 -6 7 -8 -9 10 11 12 13 14 15 16 17 18 19 20
uf20-044 0 0 2306 2306 -1 -2 3 4 5 6 7 -8 9 -10 11 12 13 14 15 -16 -17 -18 19 20
uf20-0440 0 0 2337 2337 1 2 3 -4 5 -6 7 8 -9 10 11 12 13 -14 15 -16 -17 -18 19 20
uf20-0441 0 2996 3205 3205 1 2 3 -4 5 6 7 8 -9 10 11 12 -13 14 15 16 17 -18 19 20
uf20-0442 0 1962 2196 2196 -1 -2 3 -4 5 6 -7 8 9 10 11 12 13 -14 15 -16 17 -18 19 -20
uf20-0443 0 0 1835 2377 1 2 -3 -4 5 -6 7 8 -9 10 -11 12 13 14 -15 -16 17 18 19 20
uf20-0444 0 0 0 2313 -1 2 -3 4 -5 6 7 8 -9 10 -11 12 -13 14 15 -16 -17 18 19 20
uf20-0445 0 2530 3067 3067 1 2 3 4 -5 -6 7 8 -9 10 11 12 -13 -14 15 16 17 18 19 20
uf20-0446 0 0 2904 2904 1 2 -3 4 5 -6 -7 8 9 10 -11 12 13 14 15 16 17 18 19 20
uf20-0447 0 0 2637 2637 1 2 3 4 -5 6 -7 8 9 10 -11 12 13 14 15 -16 17 -18 -19 20
uf20-0448 0 0 4084 4084 1 2 -3 4 5 -6 7 8 9 10 11 12 13 14 15 16 17 18 19 -20
uf20-0449 0 1390 3348 3348 -1 2 3 4 5 -6 7 8 9 10 11 -12 13 -14 15 16 17 18 19 -20
uf20-045 0 2342 2794 2794 1 2 -3 4 -5 6 7 8 -9 10 11 -12 -13 14 15 16 17 18 19 20
uf20-0450 0 0 2471 2471 -1 2 3 -4 -5 -6 7 -8 9 10 11 12 13 -14 15 16 17 18 -19 20
uf20-0451 0 0 0 3122 1 -2 -3 4 5 6 7 8 9 10 11 12 -13 14 15 16 17 18 19 -20
uf20-0452 0 0 2866 2866 -1 2 3 4 5 6 7 8 9 10 11 12 13 -14 -15 -16 -17 18 19 -20
uf20-0453 0 0 2528 2528 1 2 -3 -4 5 6 -7 -8 9 10 11 12 13 14 -15 -16 17 -18 19 20
uf20-0454 0 2675 2960 2960 1 2 3 -4 5 -6 7 8 -9 -10 11 12 13 14 15 16 17 18 19 20
uf20-0455 0 0 3199 3199 1 2 3 -4 5 -6 -7 8 9 10 11 -12 13 14 15 16 -17 18 19 20
uf20-0456 0 3262 3581 3581 -1 2 3 4 5 6 7 8 9 -10 11 12 13 14 15 16 -17 -18 19 20
uf20-0457 0 2396 3029 3029 1 2 -3 4 -5 6 7 8 9 10 11 12 -13 14 15 16 17 18 -19 20
uf20-0458 0 0 0 2776 1 -2 -3 -4 5 -6 7 8 9 -10 11 12 13 -14 15 16 -17 18 19 20
uf20-0459 0 1874 2143 2308 1 2 3 4 5 6 7 -8 -9 -10 -11 12 13 -14 -15 16 17 18 -19 -20
uf20-046 0 0 3150 3150 1 2 -3 -4 5 6 7 -8 9 10 11 12 13 14 15 -16 17 18 19 20
uf20-0460 0 2944 3294 3493 1 2 3 4 5 6 7 8 -9 10 11 12 13 -14 15 -16 17 18 19 20
uf20-0461 0 0 0 3353 1 2 -3 4 5 6 7 8 -9 -10 -11 -12 13 14 15 16 17 18 19 20
uf20-0462 0 3593 4251 4251 -1 2 3 4 5 6 7 8 9 10 11 -12 13 14 15 16 17 18 19 20
uf20-0463 0 0 2872 2873 1 2 -3 -4 5 6 7 -8 9 10 11 12 13 14 15 16 17 18 -19 20
uf20-0464 0 2033 2606 2606 1 2 -3 -4 5 -6 7 8 9 -10 11 12 13 14 15 -16 17 -18 19 -20
uf20-0465 0 0 3207 3207 1 2 3 4 5 6 7 -8 9 -10 -11 12 13 14 15 16 17 -18 19 -20
uf20-0466 0 0 2375 2375 1 2 -3 4 5 6 7 8 -9 10 -11 12 -13 14 15 -16 -17 18 -19 20
uf20-0467 0 0 2212 2523 1 -2 3 4 5 -6 7 8 9 -10 11 12 -13 14 -15 -16 17 -18 19 20
uf20-0468 0 0 2205 2568 1 -2 3 4 5 6 7 -8 9 -10 11 12 13 -14 15 -16 -17 -18 19 20
uf20-0469 0 0 0 3155 1 -2 -3 4 5 6 -7 -8 9 10 -11 12 13 14 15 -16 17 18 19 20
uf20-047 0 0 2349 3121 -1 -2 3 4 -5 6 7 -8 9 -10 11 12 13 -14 15 16 17 18 19 20
uf20-0470 0 0 2895 3146 1 2 3 4 5 6 7 8 9 -10 11 12 13 14 15 -16 17 18 -19 20
uf20-0471 0 0 2767 2767 1 2 3 -4 5 6 7 -8 9 10 11 -12 13 -14 15 16 -17 18 -19 20
uf20-0472 0 3270 3829 3829 -1 2 3 -4 5 6 7 8 9 10 11 12 13 14 15 16 -17 18 19 20
uf20-0473 0 2832 3325 3325 1 2 3 4 5 -6 -7 8 9 10 11 12 13 14 -15 -16 17 18 19 -20
uf20-0474 0 0 2981 2981 1 -2 -3 4 -5 6 7 8 9 10 11 12 13 -14 15 16 17 -18 19 -20
uf20-0475 0 0 2897 2897 1 2 3 -4 5 -6 7 8 -9 10 11 12 13 -14 15 16 17 -18 -19 20
uf20-0476 0 0 2641 3162 1 2 -3 4 5 -6 7 -8 9 10 -11 12 13 14 -15 -16 17 18 19 20
uf20-0477 0 0 3395 3395 1 2 3 4 5 6 -7 8 9 -10 11 -12 13 14 -15 16 -17 18 19 20
uf20-0478 0 0 3283 3283 1 2 -3 -4 5 6 7 8 9 10 11 12 13 14 15 -16 -17 18 -19 20
uf20-0479 0 2830 2830 2830 -1 2 3 -4 -5 6 -7 8 -9 10 11 -12 13 14 15 16 17 18 19 20
uf20-048 0 3077 3513 3513 1 2 3 -4 5 6 7 8 -9 10 11 12 13 14 15 16 -17 18 19 -20
uf20-0480 0 3217 3948 3948 1 2 3 4 5 6 7 8 9 -10 11 12 13 14 15 16 17 18 -19 20
uf20-0481 0 2635 3241 3241 1 2 -3 4 -5 6 7 8 -9 10 -11 12 13 14 15 -16 17 18 19 20
uf20-0482 0 0 2797 2797 -1 -2 3 4 -5 6 7 8 -9 10 -11 12 13 14 -15 16 17 18 19 20
uf20-0483 0 0 3300 3300 -1 2 -3 4 5 -6 7 8 9 -10 11 12 13 14 15 16 17 18 19 20
uf20-0484 0 1996 2881 2881 1 2 3 4 5 6 7 8 -9 -10 11 -12 13 14 15 16 17 -18 -19 20
uf20-0485 0 2851 2953 2953 -1 2 3 -4 5 6 -7 8 9 -10 11 12 13 14 15 16 -17 18 19 20
uf20-0486 0 0 2188 2188 -1 -2 3 -4 5 6 7 -8 9 -10 11 12 13 14 15 -16 17 -18 19 20
uf20-0487 0 3192 3738 3738 1 2 3 4 5 6 -7 8 9 10 11 12 13 14 15 -16 17 18 19 20
uf20-0488 0 0 3563 3563 1 2 3 4 5 6 -7 8 9 10 11 12 13 14 15 16 17 18 -19 -20
uf20-0489 0 3307 3640 3640 1 2 3 4 5 6 -7 8 -9 10 11 12 13 14 -15 -16 17 18 19 20
uf20-049 0 0 2909 2909 -1 -2 -3 4 -5 6 7 8 -9 10 11 12 13 14 15 16 -17 18 -19 20
uf20-0490 0 0 3212 3637 1 -2 3 4 5 -6 7 8 9 10 11 12 13 14 -15 16 17 18 -19 20
uf20-0491 0 0 3620 3620 1 2 3 -4 5 6 7 8 9 -10 11 12 13 14 15 16 17 18 19 20
uf20-0492 0 0 3466 3466 1 2 3 4 5 6 7 -8 9 -10 11 12 -13 -14 15 16 17 18 19 20
uf20-0493 0 0 3247 3247 1 2 -3 4 5 6 7 8 9 -10 11 12 -13 14 15 16 17 -18 19 20
uf20-0494 0 3285 3704 3704 1 2 -3 4 5 6 7 8 9 10 -11 -12 13 14 15 16 17 18 19 20
uf20-0495 0 0 3053 3053 1 -2 3 4 5 6 7 -8 -9 10 11 12 -13 -14 15 16 17 18 19 20
uf20-0496 0 2696 3508 3560 1 2 3 4 5 -6 -7 8 9 10 -11 12 -13 14 15 16 17 18 19 20
uf20-0497 0 2225 2450 2450 1 2 -3 4 -5 6 7 8 -9 -10 11 12 13 -14 15 16 17 -18 19 -20
uf20-0498 0 3089 3405 3405 1 2 3 -4 5 6 7 -8 9 10 11 12 13 14 15 16 17 -18 19 -20
uf20-0499 0 3715 4083 4089 1 2 3 4 5 6 7 8 -9 10 11 12 13 14 15 16 17 18 19 20
uf20-05 0 0 3186 3186 -1 2 -3 4 5 6 7 8 -9 10 -11 12 13 -14 15 16 -17 18 -19 20
uf20-050 0 0 2913 2913 -1 2 3 4 5 6 7 8 9 10 -11 12 -13 14 15 -16 -17 18 -19 20
uf20-0500 0 2112 2492 2492 1 2 3 -4 -5 6 7 8 -9 10 11 12 13 -14 15 16 -17 18 -19 -20
uf20-0501 0 2668 2964 3319 1 2 3 4 -5 6 -7 8 9 -10 11 12 13 14 -15 16 17 18 -19 20
uf20-0502 0 0 3168 3168 1 -2 3 4 5 6 7 8 9 10 11 -12 13 14 15 16 17 18 -19 20
uf20-0503 0 0 0 2539 1 2 -3 4 5 6 -7 8 9 10 -11 -12 13 14 -15 -16 17 18 19 -20
uf20-0504 0 0 0 2816 1 -2 -3 4 -5 6 7 8 9 -10 11 12 13 14 15 16 17 18 -19 20
uf20-0505 0 0 2784 2973 -1 2 3 4 5 6 -7 -8 9 10 11 12 -13 -14 15 16 -17 18 19 20
uf20-0506 0 3332 3888 3888 1 2 3 4 5 6 7 8 9 -10 -11 12 13 14 15 16 17 18 19 20
uf20-0507 0 0 2743 2743 1 2 3 4 5 6 7 8 9 -10 -11 12 -13 14 15 -16 17 -18 -19 20
uf20-0508 0 0 2249 2249 -1 2 3 -4 -5 -6 -7 8 9 10 11 -12 13 -14 15 16 17 18 19 20
uf20-0509 0 0 2847 2847 -1 2 3 4 5 6 7 8 9 10 -11 12 -13 14 15 16 -17 18 19 -20
uf20-051 0 0 3469 3469 1 2 -3 4 5 6 -7 8 9 10 11 12 13 -14 15 -16 17 18 19 20
uf20-0510 0 1727 2578 2578 1 2 -3 4 -5 6 7 8 -9 10 -11 12 -13 14 15 16 17 -18 19 20
uf20-0511 0 3022 3794 3794 1 -2 3 4 5 6 7 8 9 10 11 -12 13 14 15 16 17 18 19 -20
uf20-0512 0 0 2865 2865 1 -2 3 4 5 6 7 -8 9 -10 11 -12 -13 14 15 16 17 18 -19 20
uf20-0513 0 0 2547 2547 1 2 3 -4 5 -6 7 8 9 -10 -11 12 -13 -14 -15 16 17 18 19 20
uf20-0514 0 0 3490 3490 1 2 3 -4 -5 6 7 8 9 -10 11 -12 13 -14 15 16 17 18 19 20
uf20-0515 0 0 3038 3085 1 2 3 4 -5 -6 7 8 9 10 -11 12 -13 14 -15 16 17 18 19 20
uf20-0516 0 0 0 3485 1 2 3 4 5 6 7 -8 9 10 11 -12 -13 14 15 16 17 18 19 20
uf20-0517 0 2783 3627 3627 1 2 3 4 -5 6 7 8 9 10 11 12 13 14 -15 16 -17 -18 19 20
uf20-0518 0 0 3070 3070 1 -2 3 -4 -5 6 7 -8 9 10 11 12 13 14 15 16 -17 18 -19 20
uf20-0519 0 0 2758 3189 1 -2 -3 4 -5 -6 7 8 9 10 -11 12 13 14 15 16 -17 18 19 20
uf20-052 0 3731 3731 3731 -1 2 3 4 5 6 -7 8 -9 -10 11 12 13 14 15 16 17 18 19 20
uf20-0520 0 3229 3492 3492 1 2 3 -4 5 6 7 -8 9 10 11 -12 13 14 15 16 17 18 19 -20
uf20-0521 0 0 2277 2881 1 2 3 -4 5 6 7 -8 -9 10 11 12 13 -14 15 -16 17 18 -19 20
uf20-0522 0 2769 3467 3467 1 2 3 4 5 6 7 -8 9 -10 11 12 -13 14 15 16 17 18 19 20
uf20-0523 0 0 2345 3172 1 2 3 4 5 -6 7 -8 9 10 -11 12 -13 14 15 -16 17 18 19 20
uf20-0524 0 0 3482 3482 1 -2 3 4 -5 6 7 8 9 10 11 12 13 14 15 -16 -17 18 -19 20
uf20-0525 0 2173 2957 2957 -1 2 3 4 5 6 7 8 -9 10 11 12 -13 14 -15 16 17 18 19 20
uf20-0526 0 2194 2767 2841 -1 2 -3 4 5 6 7 8 -9 10 11 12 13 14 -15 16 17 18 -19 -20
uf20-0527 0 3691 3855 3855 1 2 3 -4 5 6 7 8 9 -10 11 12 13 14 15 16 17 18 19 20
uf20-0528 0 0 2862 2862 -1 2 3 4 -5 6 7 8 9 10 11 12 -13 -14 15 16 -17 -18 19 20
uf20-0529 0 0 3428 3428 1 2 -3 4 5 6 7 -8 9 -10 11 12 13 14 15 -16 17 -18 19 20
uf20-053 0 3877 4194 4194 1 2 3 -4 5 6 7 8 9 10 11 12 13 14 15 16 17 -18 19 20
uf20-0530 0 2941 3279 3279 1 2 3 -4 5 6 7 -8 9 -10 11 12 13 14 15 16 17 -18 19 20
uf20-0531 0 2344 2476 3074 1 2 3 4 -5 6 -7 8 9 10 -11 12 13 14 15 16 -17 18 19 -20
uf20-0532 0 0 2629 2629 1 2 3 -4 5 6 7 -8 9 10 11 -12 -13 14 15 16 -17 -18 -19 20
uf20-0533 0 0 2920 3753 1 2 3 4 5 6 7 8 -9 10 11 12 13 -14 15 16 17 18 19 -20
uf20-0534 0 0 3647 3647 1 -2 3 4 5 -6 7 8 9 10 11 12 13 14 15 16 17 -18 19 20
uf20-0535 0 1836 2399 2399 -1 -2 3 4 5 6 7 -8 -9 10 -11 12 13 14 -15 16 17 18 19 -20
uf20-0536 0 0 2444 2527 1 -2 3 -4 5 -6 7 8 9 10 -11 12 13 14 15 16 17 -18 -19 -20
uf20-0537 0 2675 3354 3354 -1 2 3 4 -5 6 7 -8 9 10 11 12 13 14 15 16 17 18 -19 20
uf20-0538 0 0 3006 3006 -1 2 3 4 5 6 7 8 9 -10 11 12 13 -14 -15 16 -17 18 19 -20
uf20-0539 0 0 3188 3188 1 2 3 -4 5 -6 7 8 9 10 11 12 13 -14 15 16 -17 18 -19 20
uf20-054 0 2571 2691 2691 -1 -2 3 -4 5 6 -7 8 -9 10 11 12 13 -14 15 16 17 18 19 20
uf20-0540 0 0 3051 3051 -1 -2 3 -4 5 6 7 -8 -9 10 11 12 13 14 15 16 -17 18 19 20
uf20-0541 0 0 2692 2864 -1 2 3 4 -5 6 -7 8 9 10 -11 12 13 14 15 -16 -17 18 19 20
uf20-0542 0 0 3533 3533 1 2 3 -4 5 6 -7 8 9 10 11 -12 -13 14 15 16 17 18 19 20
uf20-0543 0 3404 3702 3702 1 2 3 4 5 6 7 -8 -9 10 11 12 13 14 15 16 17 18 19 -20
uf20-0544 0 0 0 3013 1 2 3 -4 5 6 7 8 9 10 11 12 -13 14 -15 -16 17 18 19 -20
uf20-0545 0 0 3611 3611 1 2 3 4 5 -6 7 -8 9 10 11 12 13 14 -15 16 17 18 19 -20
uf20-0546 0 0 2900 2900 -1 2 3 4 5 6 7 -8 9 10 11 12 13 -14 15 16 -17 18 19 -20
uf20-0547 0 2956 3932 3932 1 2 3 4 -5 -6 7 8 9 10 11 12 13 14 15 16 17 18 19 20
uf20-0548 0 2203 2955 2955 1 -2 -3 4 5 6 7 8 9 -10 -11 12 13 14 15 16 17 18 -19 20
uf20-0549 0 2538 2797 2797 -1 2 3 4 -5 6 -7 8 9 -10 11 12 13 -14 15 -16 17 18 19 20
uf20-055 0 0 2851 2851 1 -2 3 4 -5 -6 -7 8 9 10 11 -12 13 14 15 16 -17 18 19 20
uf20-0550 0 0 0 3236 1 -2 3 4 5 6 -7 8 -9 10 11 12 13 -14 15 16 -17 18 19 20
uf20-0551 0 0 2493 2952 1 -2 3 4 -5 -6 7 8 9 10 -11 12 13 14 15 16 -17 18 19 20
uf20-0552 0 0 2567 3803 1 2 3 -4 5 6 7 -8 9 10 11 -12 13 14 15 16 17 18 19 20
uf20-0553 0 0 2755 2755 1 2 3 4 -5 6 7 8 9 -10 -11 12 13 -14 15 -16 -17 18 19 -20
uf20-0554 0 0 0 4167 1 2 3 -4 5 6 7 8 9 10 11 12 13 14 15 16 17 18 19 20
uf20-0555 0 0 3023 3023 1 2 3 -4 5 6 7 -8 -9 10 11 12 -13 14 15 16 17 18 -19 20
uf20-0556 0 3500 3636 3636 1 2 3 4 5 6 7 -8 -9 10 -11 12 13 14 15 16 17 18 19 20
uf20-0557 0 0 2399 2448 1 -2 -3 -4 5 6 -7 8 -9 10 11 -12 13 14 15 16 17 18 19 -20
uf20-0558 0 1550 2046 2046 1 -2 3 -4 -5 -6 7 -8 9 -10 11 12 13 14 15 16 -17 18 19 -20
uf20-0559 0 0 0 2757 -1 2 -3 -4 5 6 7 8 -9 10 11 -12 13 -14 15 -16 17 18 19 20
uf20-056 0 0 3271 3271 -1 2 -3 4 5 -6 -7 8 9 10 11 12 13 14 15 16 17 -18 19 20
uf20-0560 0 0 3347 3347 -1 2 3 4 5 -6 7 -8 9 10 -11 12 13 14 -15 16 17 18 19 20
uf20-0561 0 3184 3827 3827 -1 2 3 -4 5 6 7 8 9 10 11 -12 13 14 15 16 17 18 19 20
uf20-0562 0 1864 2633 2633 -1 2 -3 -4 5 -6 -7 8 9 10 11 12 13 14 15 -16 17 18 19 -20
uf20-0563 0 0 3514 3514 1 -2 3 4 5 6 -7 8 9 10 -11 12 13 14 15 16 17 18 19 -20
uf20-0564 0 0 2175 2661 -1 2 3 4 5 -6 7 -8 9 10 -11 -12 13 14 -15 16 -17 18 19 20
uf20-0565 0 0 2413 2882 1 -2 3 4 5 -6 7 8 9 10 11 12 -13 14 -15 -16 17 18 19 20
uf20-0566 0 0 0 2623 1 -2 3 4 -5 -6 -7 -8 9 10 -11 12 13 14 15 -16 17 18 19 20
uf20-0567 0 2270 2707 2707 1 -2 3 -4 -5 6 7 8 9 10 11 12 13 14 15 -16 17 -18 19 -20
uf20-0568 0 2693 3035 3035 1 -2 3 4 -5 6 -7 8 9 10 11 -12 13 14 -15 16 17 -18 19 20
uf20-0569 0 0 2298 2338 -1 2 3 4 5 -6 7 -8 9 10 11 -12 13 -14 15 16 -17 18 19 -20
uf20-057 0 0 3806 3806 1 2 3 4 -5 -6 -7 8 9 10 11 -12 13 14 -15 16 17 18 19 20
uf20-0570 0 0 2722 2722 -1 2 3 -4 5 6 7 8 9 10 -11 12 13 14 15 16 -17 18 -19 20
uf20-0571 0 0 3659 3659 1 -2 -3 -4 5 6 7 8 9 10 11 12 13 14 -15 16 -17 18 19 20
uf20-0572 0 3070 3699 3699 -1 2 -3 4 5 6 7 8 9 10 -11 12 13 14 -15 16 17 18 -19 20
uf20-0573 0 0 3467 3467 -1 2 -3 -4 5 6 7 8 9 10 11 12 13 14 -15 -16 17 18 19 20
uf20-0574 0 3914 4428 4428 1 2 3 4 5 6 7 8 9 10 11 12 13 14 15 16 17 -18 -19 -20
uf20-0575 0 2239 2874 2874 1 -2 -3 4 -5 6 -7 8 9 10 11 12 13 14 15 16 -17 -18 -19 20
uf20-0576 0 0 3260 3260 1 2 -3 4 -5 -6 -7 8 -9 10 11 12 13 14 15 -16 17 18 19 20
uf20-0577 0 0 2636 2636 1 -2 3 4 5 -6 -7 -8 9 10 11 12 13 -14 -15 16 17 -18 19 -20
uf20-0578 0 3714 4100 4100 1 2 3 4 5 6 -7 8 9 -10 -11 12 13 14 15 16 17 -18 19 20
uf20-0579 0 0 4358 4358 1 2 3 4 -5 6 7 8 9 -10 11 12 -13 14 15 16 17 18 19 20
uf20-058 0 0 3261 3261 1 2 3 -4 5 -6 7 -8 -9 10 11 12 13 14 -15 -16 17 18 19 20
uf20-0580 0 0 1686 3089 1 -2 -3 4 5 -6 7 8 9 10 11 -12 13 14 15 -16 17 18 -19 20
uf20-0581 0 3461 3868 3868 -1 2 3 4 5 6 7 8 9 10 11 12 -13 14 15 -16 -17 18 19 20
uf20-0582 0 0 3919 3919 1 -2 3 4 5 -6 7 8 9 10 11 12 13 14 15 -16 -17 18 19 20
uf20-0583 0 0 3270 3424 1 2 -3 4 5 -6 7 -8 9 -10 11 12 13 -14 15 -16 17 18 19 20
uf20-0584 0 0 2646 2646 1 2 -3 -4 5 6 -7 8 9 -10 -11 -12 13 -14 15 16 17 18 19 20
uf20-0585 0 0 2687 4094 1 2 3 4 -5 6 7 8 9 10 -11 -12 13 14 15 16 17 18 19 20
uf20-0586 0 2955 3588 3588 1 2 3 4 5 6 7 8 9 -10 11 -12 -13 14 15 16 -17 18 19 -20
uf20-0587 0 0 2480 2480 1 2 -3 4 5 6 -7 -8 -9 10 11 12 13 -14 15 16 -17 -18 -19 20
uf20-0588 0 0 0 3547 1 -2 3 -4 5 6 7 8 9 10 11 -12 -13 14 15 16 17 18 19 20
uf20-0589 0 2962 4499 4499 1 2 3 4 5 6 -7 8 9 10 -11 12 13 14 15 16 17 18 19 20
uf20-059 0 3207 4144 4144 1 2 3 4 5 6 7 -8 9 -10 11 12 13 14 15 16 -17 18 19 -20
uf20-0590 0 1774 2506 2506 -1 -2 3 -4 -5 6 -7 8 9 10 -11 12 13 14 15 16 17 -18 19 -20
uf20-0591 0 0 0 3002 -1 2 3 -4 5 6 7 -8 -9 10 -11 12 -13 14 15 16 17 18 19 -20
uf20-0592 0 0 2911 2911 1 -2 3 -4 5 6 -7 8 9 10 11 12 13 -14 -15 16 -17 -18 19 20
uf20-0593 0 2857 3319 3319 -1 2 3 4 5 6 -7 8 9 10 -11 12 13 14 -15 16 17 -18 19 20
uf20-0594 0 0 3925 3925 1 2 -3 4 5 6 7 8 9 -10 11 -12 13 14 15 16 17 18 19 -20
uf20-0595 0 3456 3752 3752 -1 2 3 4 5 6 7 8 9 10 11 12 13 14 -15 16 -17 18 19 -20
uf20-0596 0 0 3464 3464 1 -2 -3 4 -5 6 -7 8 9 10 -11 12 13 14 15 16 17 18 19 20
uf20-0597 0 0 0 3527 1 2 3 4 -5 6 7 8 9 10 -11 12 13 14 -15 -16 17 18 19 20
uf20-0598 0 2965 3665 3665 1 2 3 -4 5 6 7 8 9 10 11 12 -13 14 15 16 17 -18 -19 20
uf20-0599 0 1680 2786 2786 1 -2 3 -4 5 6 7 8 -9 10 11 -12 13 14 15 16 -17 18 19 -20
uf20-06 0 0 0 4669 1 2 -3 4 5 -6 7 8 9 10 11 12 13 14 15 16 17 18 19 20
uf20-060 0 0 4389 4389 1 2 3 -4 5 6 7 8 9 -10 11 12 -13 14 15 16 17 18 19 20
uf20-0600 0 0 2846 2846 -1 -2 3 -4 5 6 7 8 9 10 11 12 -13 -14 15 16 17 -18 19 -20
uf20-0601 0 1892 3142 3142 1 2 -3 -4 5 -6 7 8 9 10 -11 12 13 -14 15 -16 17 18 19 20
uf20-0602 0 4036 4088 4088 -1 2 3 4 5 -6 7 8 -9 10 11 12 13 14 15 16 17 -18 19 20
uf20-0603 0 0 2869 3440 1 2 -3 4 5 6 7 8 -9 10 11 12 -13 14 -15 16 17 -18 19 20
uf20-0604 0 3035 4116 4116 1 2 3 4 5 6 7 8 -9 10 11 12 -13 -14 15 16 17 18 19 20
uf20-0605 0 2952 3085 3085 1 -2 3 4 -5 6 -7 8 9 -10 11 12 -13 -14 15 16 17 18 19 20
uf20-0606 0 3799 3880 3880 -1 2 3 -4 5 6 7 8 9 -10 11 12 13 14 15 16 17 18 -19 20
uf20-0607 0 0 4156 4156 1 2 3 4 5 6 7 8 -9 10 11 12 13 -14 15 16 -17 18 19 20
uf20-0608 0 2849 3196 3196 -1 2 3 4 5 6 7 8 -9 10 11 12 -13 14 15 16 17 -18 -19 -20
uf20-0609 0 0 3232 3232 -1 2 3 4 -5 -6 7 -8 9 10 11 12 13 14 -15 16 17 -18 19 20
uf20-061 0 3122 3752 3752 1 2 3 4 5 -6 -7 8 -9 10 11 12 13 14 15 16 17 18 -19 20
uf20-0610 0 3587 4029 4029 1 2 3 4 5 6 7 8 9 -10 11 12 13 -14 -15 16 17 -18 19 20
uf20-0611 0 2082 2626 2626 1 2 3 4 5 6 -7 8 -9 10 11 12 -13 -14 -15 -16 17 18 -19 -20
uf20-0612 0 2253 2804 2804 -1 2 3 4 -5 6 -7 8 9 10 -11 12 13 14 15 -16 17 -18 19 20
uf20-0613 0 2735 3045 3045 -1 2 3 -4 5 6 7 8 9 -10 11 12 13 14 -15 16 -17 18 19 -20
uf20-0614 0 1970 2759 3072 -1 -2 3 -4 5 6 7 -8 9 10 11 -12 -13 14 15 16 17 18 -19 20
uf20-0615 0 0 3325 3325 1 -2 3 4 -5 6 7 8 -9 -10 11 12 13 -14 15 16 17 18 -19 20
uf20-0616 0 0 1907 2290 1 -2 -3 4 5 -6 -7 8 9 -10 11 -12 13 -14 -15 -16 17 18 19 20
uf20-0617 0 0 0 3052 1 -2 3 4 5 -6 7 8 9 10 -11 12 13 14 15 16 17 -18 -19 -20
uf20-0618 0 0 4296 4296 -1 2 3 4 5 6 7 8 9 10 11 12 13 14 -15 -16 17 18 19 20
uf20-0619 0 0 3936 3936 1 -2 3 4 5 6 7 8 -9 10 11 12 13 14 15 16 17 18 19 -20
uf20-062 0 0 2436 2436 1 -2 3 -4 5 6 7 8 9 -10 -11 12 13 -14 -15 16 17 18 -19 20
uf20-0620 0 2726 2956 2956 1 2 3 -4 5 6 -7 8 -9 10 11 12 13 14 15 -16 -17 18 19 -20
uf20-0621 0 0 3746 3746 -1 2 3 4 -5 6 7 8 9 10 -11 12 13 14 15 16 17 18 -19 20
uf20-0622 0 0 2497 2497 -1 2 -3 4 5 6 -7 8 9 -10 11 -12 13 14 15 16 17 -18 -19 -20
uf20-0623 0 0 3739 3739 1 2 3 4 5 6 7 8 9 -10 -11 12 -13 14 15 16 17 -18 19 20
uf20-0624 0 0 0 2775 1 2 -3 4 5 6 7 -8 -9 10 -11 12 -13 14 -15 16 17 18 -19 -20
uf20-0625 0 0 3308 3308 -1 2 3 4 -5 -6 7 8 9 10 11 12 13 -14 15 16 -17 18 -19 20
uf20-0626 0 2958 3178 3178 -1 2 3 -4 -5 -6 -7 8 9 10 11 12 13 14 15 16 -17 18 19 20
uf20-0627 0 0 3632 3691 1 -2 3 4 5 6 7 8 -9 -10 11 12 13 14 -15 16 17 18 19 20
uf20-0628 0 3740 4021 4113 1 2 3 4 5 6 -7 8 -9 10 11 12 13 14 15 16 17 18 19 -20
uf20-0629 0 0 2335 4287 1 2 3 4 5 6 7 8 9 10 11 -12 13 14 15 16 -17 -18 19 20
uf20-063 0 0 0 3475 1 2 3 4 5 6 -7 -8 9 10 11 12 -13 14 -15 16 17 -18 19 20
uf20-0630 0 0 0 3564 1 2 3 4 5 6 7 -8 9 10 -11 12 -13 14 15 -16 -17 18 19 20
uf20-0631 0 0 3299 3657 1 2 3 4 5 -6 7 8 9 10 11 -12 13 -14 15 -16 17 18 19 20
uf20-0632 0 2785 2899 2899 1 2 -3 4 -5 6 -7 -8 9 -10 11 12 13 -14 15 16 17 -18 19 20
uf20-0633 0 0 3990 3990 1 2 3 4 -5 6 7 8 9 10 -11 12 -13 -14 15 16 17 18 19 20
uf20-0634 0 2004 3052 3052 1 2 -3 -4 5 -6 7 -8 9 10 11 12 13 -14 15 16 17 18 -19 20
uf20-0635 0 3775 4437 4437 1 2 3 4 5 6 -7 8 9 10 11 12 13 14 15 16 -17 18 19 -20
uf20-0636 0 0 3126 3207 1 2 3 4 -5 6 7 8 9 10 11 -12 -13 -14 -15 16 -17 18 19 20
uf20-0637 0 0 2768 2768 1 2 3 -4 5 6 7 -8 9 10 -11 12 13 -14 15 16 -17 18 -19 -20
uf20-0638 0 0 3385 3385 1 2 3 4 5 6 7 -8 9 10 11 12 13 14 15 16 -17 18 -19 -20
uf20-0639 0 3016 3543 3543 1 2 3 4 5 6 7 8 -9 -10 11 12 13 14 15 -16 17 -18 -19 20
uf20-064 0 2868 3260 3282 1 2 3 -4 5 -6 -7 8 9 10 11 12 -13 14 15 16 17 -18 19 20
uf20-0640 0 0 3342 3342 1 2 -3 -4 5 6 7 -8 9 10 -11 12 13 -14 15 16 17 18 19 20
uf20-0641 0 0 3574 3574 1 2 3 -4 5 6 7 8 9 10 -11 -12 -13 14 15 16 17 18 19 -20
uf20-0642 0 2626 2638 2768 -1 2 3 -4 5 6 -7 8 -9 -10 11 12 13 -14 15 16 17 18 19 20
uf20-0643 0 0 0 3740 1 2 3 4 5 -6 7 8 -9 10 11 -12 13 14 15 -16 17 18 19 20
uf20-0644 0 0 3856 3856 -1 2 3 4 5 -6 7 8 9 10 11 12 -13 14 15 16 17 -18 19 20
uf20-0645 0 0 3870 3870 1 2 -3 4 5 6 -7 8 9 10 -11 12 13 14 15 16 17 18 19 20
uf20-0646 0 0 2807 3263 1 -2 3 4 5 6 7 8 9 10 -11 12 -13 14 15 16 -17 18 19 -20
uf20-0647 0 2578 3342 3342 1 2 -3 4 5 6 -7 8 9 10 11 12 13 14 -15 16 -17 -18 19 20
uf20-0648 0 3311 3415 3460 1 2 3 -4 5 6 -7 8 9 10 11 -12 13 14 15 16 17 -18 19 20
uf20-0649 0 2324 3187 3187 -1 2 3 4 5 -6 7 8 -9 -10 11 12 -13 -14 15 16 17 18 19 20
uf20-065 0 3612 3786 3786 1 2 3 4 -5 6 -7 8 -9 10 11 12 13 14 15 -16 17 18 19 -20
uf20-0650 0 2848 3041 3041 -1 -2 3 -4 5 6 -7 8 -9 10 11 -12 13 14 15 16 17 -18 19 20
uf20-0651 0 0 2936 4018 1 -2 3 4 5 6 7 8 9 10 -11 -12 -13 14 15 16 17 18 19 20
uf20-0652 0 0 3451 3451 -1 -2 3 4 5 6 7 8 -9 10 11 12 -13 14 -15 16 17 18 19 20
uf20-0653 0 2948 3044 3044 1 2 3 -4 -5 6 7 8 9 -10 11 12 13 14 15 -16 -17 18 19 -20
uf20-0654 0 0 2676 2676 -1 2 -3 4 5 -6 7 8 -9 10 -11 12 13 -14 -15 16 17 18 19 20
uf20-0655 0 0 2516 2516 -1 2 3 4 5 6 -7 8 -9 10 11 -12 -13 14 -15 16 -17 18 19 20
uf20-0656 0 0 2041 2290 1 -2 3 -4 5 -6 7 -8 9 10 -11 -12 -13 14 -15 16 -17 18 19 20
uf20-0657 0 2138 3179 3179 1 2 -3 4 -5 6 7 -8 -9 10 11 12 13 14 -15 16 17 18 -19 20
uf20-0658 0 0 2849 2849 1 -2 3 4 5 6 -7 8 -9 10 11 -12 -13 -14 15 -16 17 18 19 20
uf20-0659 0 0 3525 3525 1 2 3 4 5 6 7 8 9 10 11 -12 13 -14 -15 16 -17 -18 19 20
uf20-066 0 3140 4120 4120 1 2 3 4 5 -6 7 -8 9 -10 11 12 13 14 15 16 17 -18 19 20
uf20-0660 0 0 0 3907 1 2 -3 4 5 6 -7 8 9 10 11 -12 13 -14 15 16 17 18 19 20
uf20-0661 0 3562 3914 3914 -1 2 3 -4 -5 6 7 8 9 10 11 12 13 14 15 16 17 18 -19 20
uf20-0662 0 3037 4082 4082 1 2 3 4 5 6 -7 8 9 -10 -11 12 13 14 15 16 17 18 19 20
uf20-0663 0 0 2836 3117 1 -2 3 4 5 6 7 8 9 10 -11 12 -13 14 15 -16 17 18 -19 -20
uf20-0664 0 0 4173 4173 1 2 3 4 5 6 -7 8 9 10 11 12 13 -14 -15 16 17 18 19 20
uf20-0665 0 3324 3624 3624 1 2 3 -4 5 6 -7 8 9 -10 11 12 -13 14 -15 16 17 18 19 20
uf20-0666 0 0 3068 3068 1 2 -3 4 5 6 7 8 -9 10 11 -12 -13 -14 15 16 17 -18 19 20
uf20-0667 0 2713 3182 3182 1 2 3 -4 5 6 -7 8 9 -10 11 12 13 14 -15 -16 17 18 19 20
uf20-0668 0 0 4225 4225 1 -2 3 4 5 6 7 -8 -9 10 11 12 13 14 15 16 17 18 19 20
uf20-0669 0 0 3369 3369 1 2 3 4 5 6 7 -8 -9 10 11 -12 -13 14 15 16 -17 18 19 20
uf20-067 0 0 0 3429 1 2 -3 -4 5 6 7 8 9 -10 11 12 -13 -14 15 16 17 18 19 20
uf20-0670 0 0 3084 3084 1 -2 3 4 5 -6 -7 8 9 10 -11 12 13 14 -15 16 17 18 19 -20
uf20-0671 0 2787 3140 3140 -1 2 3 4 5 6 7 8 -9 10 -11 12 13 -14 15 16 17 -18 19 20
uf20-0672 0 0 2876 3013 1 2 3 4 5 6 7 -8 9 -10 11 -12 13 14 15 -16 -17 18 -19 20
uf20-0673 0 0 2064 2064 -1 -2 3 4 5 -6 -7 8 -9 -10 11 12 13 14 15 -16 17 -18 -19 20
uf20-0674 0 2155 2750 2750 1 -2 3 -4 5 6 7 -8 -9 -10 11 -12 13 14 15 16 17 18 -19 -20
uf20-0675 0 0 3950 3950 1 2 -3 4 5 6 7 8 9 -10 -11 12 13 14 15 -16 17 18 19 20
uf20-0676 0 2071 3082 3082 1 2 -3 4 5 6 7 -8 -9 10 11 12 13 -14 -15 16 17 -18 19 20
uf20-0677 0 0 3236 3236 -1 -2 3 4 5 6 7 8 9 10 11 -12 -13 14 15 16 -17 18 19 20
uf20-0678 0 0 3783 3783 -1 2 3 4 5 6 7 -8 9 10 11 12 13 -14 -15 16 17 18 19 20
uf20-0679 0 2675 3720 4328 1 2 3 4 5 6 7 8 9 10 -11 12 -13 14 15 16 -17 18 19 20
uf20-068 0 0 3516 3516 1 2 3 4 5 6 7 8 9 -10 -11 12 13 14 15 -16 -17 18 19 20
uf20-0680 0 0 4318 4318 1 2 3 4 5 6 7 8 9 10 11 -12 13 14 -15 16 17 18 19 20
uf20-0681 0 0 3849 3849 1 2 3 4 5 6 -7 8 9 10 -11 -12 13 14 15 16 -17 18 19 20
uf20-0682 0 2731 3048 3048 -1 2 -3 -4 -5 6 -7 8 9 10 11 -12 13 14 15 16 17 18 19 20
uf20-0683 0 0 2929 2929 1 2 -3 -4 5 -6 7 -8 9 10 11 12 13 -14 15 16 -17 18 19 -20
uf20-0684 2697 3217 3217 3217 -1 2 3 -4 -5 6 7 8 -9 -10 11 12 13 14 15 16 17 18 19 20
uf20-0685 0 0 3424 3424 -1 2 3 4 5 6 -7 8 9 10 11 -12 -13 14 -15 16 17 -18 19 20
uf20-0686 0 0 0 3024 1 2 3 4 5 6 -7 8 9 -10 -11 -12 -13 14 15 -16 17 18 19 -20
uf20-0687 0 0 2769 3418 1 -2 3 4 -5 6 7 8 -9 10 11 12 13 14 -15 -16 -17 18 19 20
uf20-0688 0 0 4014 4014 1 2 -3 -4 5 6 7 8 9 10 11 12 13 14 15 16 -17 18 19 20
uf20-0689 0 2419 3216 3216 1 2 3 -4 5 6 -7 8 9 10 11 12 13 14 -15 16 -17 -18 19 -20
uf20-069 0 0 3462 3669 1 2 3 4 5 6 -7 -8 9 10 11 12 13 -14 15 -16 17 18 19 -20
uf20-0690 0 0 2594 3793 1 2 3 4 5 -6 7 -8 9 10 11 12 13 14 15 -16 -17 18 19 20
uf20-0691 0 0 0 3795 1 2 -3 4 5 6 7 8 9 10 -11 12 -13 -14 15 16 17 -18 19 20
uf20-0692 0 0 3892 4347 1 2 -3 4 5 6 7 -8 9 10 11 12 13 14 15 16 17 18 19 20
uf20-0693 0 2609 3454 3454 -1 -2 -3 -4 5 6 7 8 9 10 11 -12 13 14 15 16 17 18 19 20
uf20-0694 0 2683 3203 3203 1 2 -3 4 -5 6 -7 -8 9 -10 11 -12 13 14 15 16 17 18 19 20
uf20-0695 0 0 4443 4443 1 2 3 4 5 6 7 8 9 10 11 -12 13 14 15 16 -17 18 19 20
uf20-0696 0 0 2799 2912 1 2 -3 4 5 -6 7 -8 9 10 -11 12 13 -14 15 -16 -17 18 19 -20
uf20-0697 0 3417 3729 3729 -1 2 -3 -4 5 6 7 8 9 10 11 12 13 14 15 16 17 18 19 -20
uf20-0698 0 3531 3931 3931 1 2 3 4 5 6 7 -8 9 10 11 12 -13 14 15 16 17 -18 19 -20
uf20-0699 0 0 0 3712 1 2 3 4 -5 -6 -7 8 -9 10 11 12 13 14 15 16 17 -18 19 20
uf20-07 0 0 3381 3381 -1 2 3 4 -5 6 7 8 9 -10 11 12 13 14 15 -16 -17 18 19 20
uf20-070 0 0 3551 3551 1 2 3 4 5 6 -7 8 9 10 11 -12 -13 14 -15 16 17 18 19 -20
uf20-0700 0 0 2288 3993 -1 2 3 4 5 6 7 8 9 10 11 12 13 14 -15 16 17 -18 19 20
uf20-0701 0 2423 3086 3086 1 -2 3 4 -5 6 -7 -8 9 10 11 -12 13 14 -15 16 17 18 19 -20
uf20-0702 0 3336 4249 4249 1 2 3 -4 5 6 7 -8 9 10 -11 12 13 14 15 16 17 18 19 20
uf20-0703 0 0 0 3402 1 2 -3 4 5 6 7 -8 9 -10 -11 12 13 14 -15 16 17 18 19 20
uf20-0704 0 0 2768 2768 -1 2 3 -4 -5 6 7 -8 9 10 -11 12 13 -14 15 16 17 18 -19 20
uf20-0705 0 0 4481 4481 1 2 3 4 5 6 7 -8 9 -10 11 12 13 -14 15 16 17 18 19 20
uf20-0706 0 0 3631 3631 1 -2 -3 4 5 6 7 8 9 10 11 -12 13 -14 15 16 17 18 19 20
uf20-0707 0 0 3426 3426 1 -2 3 4 -5 6 -7 -8 9 10 11 12 -13 14 15 16 17 -18 19 20
uf20-0708 0 0 3594 3594 1 2 3 4 5 6 7 -8 9 10 11 12 13 14 -15 -16 17 18 19 -20
uf20-0709 0 0 0 4304 1 2 3 -4 5 6 -7 8 9 10 11 -12 13 14 15 16 17 18 19 20
uf20-071 0 0 2816 2947 1 -2 -3 4 -5 6 7 -8 9 10 11 12 13 14 -15 16 -17 -18 19 20
uf20-0710 0 3018 3018 3018 -1 2 3 -4 -5 6 7 8 -9 -10 11 12 13 -14 15 16 17 18 19 20
uf20-0711 0 0 2638 2638 -1 2 -3 4 -5 -6 -7 8 9 10 11 12 -13 14 15 16 17 18 19 20
uf20-0712 0 0 2001 3063 1 -2 -3 4 5 -6 7 8 -9 -10 -11 12 13 14 15 16 -17 18 19 20
uf20-0713 0 0 3884 3884 1 2 -3 4 5 6 -7 8 9 10 11 -12 13 14 15 16 17 18 19 20
uf20-0714 0 2005 3529 3529 -1 2 3 4 5 -6 -7 8 9 10 11 12 13 14 -15 16 -17 18 19 20
uf20-0715 0 2525 3054 3054 1 2 -3 4 5 6 -7 8 9 -10 11 -12 13 14 15 -16 17 -18 19 -20
uf20-0716 0 0 0 3530 -1 2 -3 4 5 6 -7 8 9 10 -11 -12 13 14 15 16 17 18 -19 20
uf20-0717 0 0 2357 2357 -1 -2 -3 4 5 6 7 8 9 -10 11 12 13 -14 -15 16 17 18 -19 -20
uf20-0718 0 0 2923 2923 1 2 3 4 -5 6 7 -8 9 10 11 12 -13 -14 -15 16 -17 -18 19 20
uf20-0719 0 0 3552 3552 1 2 3 -4 5 6 7 -8 9 -10 11 12 -13 14 15 -16 17 18 19 20
uf20-072 0 0 3013 3013 1 -2 -3 4 5 6 7 -8 9 -10 11 12 -13 14 15 -16 -17 18 19 20
uf20-0720 0 0 3986 3986 1 2 3 4 5 6 7 8 9 10 11 -12 -13 14 15 16 -17 18 19 20
uf20-0721 0 2552 4050 4050 1 2 3 4 -5 -6 7 8 9 -10 11 12 13 14 -15 16 17 18 19 20
uf20-0722 0 0 3528 3528 1 -2 -3 4 5 6 7 8 -9 10 11 12 -13 14 15 16 17 18 19 20
uf20-0723 0 0 3987 3987 1 -2 3 4 5 6 -7 8 9 10 11 12 13 14 15 -16 17 -18 19 20
uf20-0724 0 3785 4781 4781 1 2 3 4 5 6 7 8 -9 10 11 12 13 14 15 16 17 18 19 20
uf20-0725 0 0 3348 3433 1 -2 -3 4 5 6 7 8 9 10 11 12 13 14 -15 16 17 -18 -19 20
uf20-0726 0 3074 3412 3450 1 2 3 4 -5 6 7 8 9 10 11 12 -13 -14 15 -16 17 18 -19 20
uf20-0727 0 3418 3814 3814 1 2 3 4 5 6 -7 8 9 10 11 12 13 -14 15 16 17 -18 19 20
uf20-0728 0 0 2769 2769 1 -2 3 4 5 6 7 8 -9 10 -11 12 -13 -14 15 -16 17 18 19 -20
uf20-0729 0 0 2726 2853 -1 -2 -3 4 5 -6 7 -8 9 10 -11 12 13 14 15 16 17 -18 19 20
uf20-073 0 0 4217 4217 1 2 -3 4 5 6 7 8 9 10 -11 12 13 -14 -15 16 17 18 19 20
uf20-0730 0 0 3352 3352 1 2 3 4 5 -6 -7 8 9 10 -11 -12 13 -14 15 16 -17 18 19 20
uf20-0731 0 0 3602 3602 -1 2 3 4 5 6 7 8 9 10 11 12 13 14 15 -16 -17 -18 19 -20
uf20-0732 0 3287 3461 3461 1 2 -3 -4 5 6 -7 8 9 10 11 12 13 14 15 16 17 -18 19 -20
uf20-0733 0 2935 3662 3662 1 2 3 4 5 6 7 8 9 -10 11 -12 13 14 15 16 17 -18 19 -20
uf20-0734 0 3806 4676 4676 1 2 -3 4 5 6 7 8 9 10 11 12 13 14 15 16 17 18 19 20
uf20-0735 0 0 3045 3045 1 2 -3 4 -5 -6 -7 8 -9 10 11 12 13 14 15 -16 17 -18 19 20
uf20-0736 0 0 3266 3266 -1 2 3 4 5 6 7 -8 9 10 11 -12 -13 14 -15 16 -17 18 19 20
uf20-0737 0 2486 3035 3035 1 2 3 -4 -5 6 7 -8 9 10 11 12 13 14 -15 16 17 -18 -19 -20
uf20-0738 0 0 3269 3269 1 2 3 -4 -5 6 7 8 -9 10 11 12 13 -14 15 -16 -17 18 19 20
uf20-0739 0 0 4265 4265 1 2 3 4 5 6 7 8 9 10 11 12 -13 14 15 16 -17 -18 19 -20
uf20-074 0 0 4192 4192 1 2 3 4 5 6 -7 8 9 10 11 12 -13 14 15 16 17 18 -19 20
uf20-0740 0 0 2231 4269 1 2 3 4 5 -6 7 8 -9 10 11 12 -13 14 15 16 17 18 19 20
uf20-0741 0 0 1668 2979 1 2 3 4 -5 6 7 8 9 10 -11 12 -13 -14 15 16 17 18 -19 20
uf20-0742 0 0 3851 3851 1 2 3 4 5 -6 7 8 9 10 11 12 -13 14 15 16 17 18 -19 20
uf20-0743 0 2711 3000 3000 -1 2 -3 -4 5 -6 7 8 -9 -10 11 12 13 14 15 16 17 18 19 -20
uf20-0744 0 0 3552 3553 1 2 -3 4 5 6 7 8 9 10 11 -12 -13 14 15 -16 -17 18 19 20
uf20-0745 0 0 3375 3375 1 2 3 4 5 6 7 8 9 -10 11 -12 13 14 15 -16 -17 -18 -19 20
uf20-0746 0 0 4401 4401 1 2 3 4 5 6 7 8 9 10 -11 12 13 14 15 16 17 18 19 -20
uf20-0747 0 2790 3784 3784 -1 -2 -3 4 5 6 -7 8 9 10 11 12 13 -14 15 16 17 18 19 20
uf20-0748 0 0 2821 2821 1 -2 3 4 -5 6 7 8 9 10 11 -12 13 -14 -15 16 -17 18 -19 20
uf20-0749 0 4753 5384 5384 1 2 3 4 5 6 -7 8 9 10 11 12 13 14 15 16 17 18 19 20
uf20-075 0 0 2785 3137 1 -2 3 4 5 6 7 -8 9 10 11 12 13 -14 15 16 -17 -18 19 -20
uf20-0750 0 4033 4951 4951 1 2 3 4 5 6 7 8 9 -10 11 -12 13 14 15 16 17 18 19 20
uf20-0751 0 2933 3113 3113 -1 -2 3 4 5 6 7 8 -9 -10 11 12 -13 14 15 16 17 -18 19 20
uf20-0752 0 0 3272 3272 1 -2 3 -4 5 6 7 8 9 10 11 12 -13 -14 15 16 17 18 -19 -20
uf20-0753 0 0 0 3225 1 2 -3 4 5 6 -7 8 9 -10 11 12 13 14 -15 16 17 18 19 -20
uf20-0754 0 0 4279 4279 1 2 3 4 5 6 7 8 9 10 -11 12 -13 14 -15 16 17 18 19 20
uf20-0755 0 2906 3848 3848 1 2 3 -4 5 -6 -7 8 9 10 11 -12 13 14 15 16 17 18 19 20
uf20-0756 0 0 2953 2953 1 2 3 4 5 -6 7 8 9 -10 -11 12 -13 -14 15 -16 -17 18 19 20
uf20-0757 0 4080 4411 4411 1 2 3 4 5 6 -7 8 -9 10 11 12 13 14 15 16 17 18 19 20
uf20-0758 0 3806 4369 4369 1 2 3 4 5 -6 7 8 9 10 11 12 13 14 15 16 17 -18 -19 20
uf20-0759 0 3284 3832 3832 1 2 3 4 5 6 -7 -8 9 10 11 12 13 14 15 16 17 -18 -19 20
uf20-076 0 0 0 3121 1 -2 3 -4 -5 -6 7 -8 9 10 -11 12 13 14 15 16 17 18 19 -20
uf20-0760 0 0 3012 3012 1 2 3 4 5 6 -7 -8 -9 -10 -11 12 13 -14 -15 16 17 18 19 20
uf20-0761 0 2422 4094 4094 1 2 3 4 5 -6 7 8 9 10 11 -12 13 14 15 16 17 18 19 20
uf20-0762 0 3149 3543 3543 1 2 3 -4 5 -6 -7 8 9 10 -11 12 13 14 15 16 -17 18 19 20
uf20-0763 0 0 4372 4372 1 2 -3 4 5 6 -7 8 9 10 11 12 13 14 -15 16 17 18 19 20
uf20-0764 0 3315 4360 4360 1 2 3 4 5 6 7 8 -9 10 11 12 13 14 -15 -16 17 18 19 20
uf20-0765 0 0 0 4005 -1 -2 3 4 5 6 7 8 9 10 11 12 13 14 -15 16 17 18 19 -20
uf20-0766 0 2980 3497 3497 1 2 -3 4 5 6 7 8 -9 10 11 12 -13 14 15 16 -17 -18 19 20
uf20-0767 0 0 3680 3680 1 2 3 4 -5 6 7 8 -9 10 11 12 13 14 -15 16 -17 18 19 20
uf20-0768 0 0 0 3062 -1 2 3 -4 -5 -6 7 -8 -9 10 11 12 13 14 15 16 -17 18 19 20
uf20-0769 0 3008 3343 3343 -1 2 -3 4 5 6 7 8 9 10 11 12 13 14 15 16 -17 18 -19 -20
uf20-0770 0 0 4024 4024 1 2 3 4 5 6 7 8 9 -10 11 12 13 14 15 -16 -17 18 19 20
uf20-0771 0 0 3538 3538 -1 2 3 4 5 -6 7 8 9 10 11 -12 13 14 15 16 17 18 -19 -20
uf20-0772 0 0 3729 3729 1 2 -3 4 -5 6 7 8 9 10 11 12 13 14 15 16 17 18 -19 -20
uf20-0773 0 0 3396 3396 1 -2 3 4 5 6 7 8 -9 10 -11 -12 -13 14 15 16 17 18 19 20
uf20-0774 0 0 3126 3126 1 -2 3 4 -5 -6 7 8 -9 10 11 12 13 -14 15 16 -17 18 19 20
uf20-0775 0 1169 2458 2458 -1 2 -3 4 5 6 -7 -8 9 10 11 12 -13 14 -15 -16 -17 18 19 20
uf20-0776 0 0 3053 3053 1 2 -3 4 -5 6 -7 -8 -9 10 11 12 13 14 15 16 -17 18 19 20
uf20-0777 0 2927 3594 3594 1 -2 3 -4 5 6 7 8 9 10 -11 -12 13 14 15 16 17 18 19 -20
uf20-0778 0 0 3152 3152 1 -2 3 4 5 -6 -7 8 -9 10 11 12 13 14 -15 16 -17 18 -19 20
uf20-0779 0 0 3581 3581 1 2 -3 4 -5 6 7 8 9 10 11 12 13 -14 15 -16 17 18 -19 20
uf20-078 0 0 0 3139 1 2 3 4 5 -6 7 -8 9 -10 11 12 -13 14 15 -16 17 18 19 20
uf20-0781 0 2833 3326 3326 1 2 3 4 -5 -6 -7 8 9 10 11 -12 13 14 15 16 17 18 19 -20
uf20-0782 0 0 0 2986 -1 -2 3 -4 5 6 7 -8 9 10 11 12 13 14 15 16 -17 -18 -19 20
uf20-0783 0 0 3777 3777 1 2 3 4 5 6 7 8 9 10 11 -12 13 14 -15 -16 17 18 19 -20
uf20-0784 0 2289 3103 3103 1 -2 -3 4 5 -6 7 8 -9 10 11 12 13 14 15 16 -17 -18 19 20
uf20-0785 0 2879 3083 3083 -1 2 3 -4 -5 6 7 8 9 10 11 12 13 -14 15 16 17 -18 -19 20
uf20-0786 0 0 2459 3685 1 2 3 4 5 6 7 8 9 10 11 12 13 14 -15 -16 -17 -18 19 20
uf20-0787 0 0 0 2697 -1 2 3 -4 -5 -6 -7 -8 9 10 11 12 13 14 15 -16 17 18 19 20
uf20-0788 0 0 4172 4172 1 2 3 4 5 6 7 8 9 10 11 -12 -13 -14 15 16 17 18 19 20
uf20-0789 0 0 0 4325 1 2 3 4 -5 6 7 -8 9 10 11 12 -13 14 15 16 17 -18 19 20
uf20-079 0 0 2919 2919 1 -2 3 4 5 6 -7 -8 9 10 11 12 -13 -14 15 -16 17 18 -19 20
uf20-0790 0 0 3900 3900 -1 2 3 4 5 6 7 8 9 10 11 12 13 14 -15 16 -17 18 19 20
uf20-0791 0 0 0 3752 1 2 -3 4 -5 6 -7 -8 9 10 11 12 13 -14 15 16 17 18 19 20
uf20-0792 0 1710 2417 2417 1 2 -3 4 -5 6 7 8 9 -10 11 -12 13 -14 15 16 17 -18 19 -20
uf20-0793 0 0 3316 3353 1 -2 3 4 5 6 7 8 9 10 11 -12 -13 14 15 16 17 -18 -19 20
uf20-0794 0 0 4041 4041 1 2 3 4 5 6 7 8 9 10 11 12 13 14 -15 16 -17 18 -19 -20
uf20-0795 0 0 3051 3051 1 2 3 4 5 6 7 8 9 10 11 12 -13 -14 15 16 -17 18 -19 -20
uf20-0796 0 0 2989 2989 1 -2 3 -4 5 6 -7 8 9 10 11 12 -13 -14 -15 -16 17 18 19 20
uf20-0797 0 2864 3821 3821 1 2 3 -4 5 -6 7 8 9 -10 11 12 -13 14 15 16 17 18 19 20
uf20-0798 0 0 4299 4299 1 2 3 4 5 6 7 -8 -9 10 11 -12 13 14 15 16 17 18 -19 20
uf20-0799 0 3693 3693 3693 1 2 3 -4 5 6 -7 8 -9 10 11 12 13 14 15 16 17 18 19 -20
uf20-08 0 0 3039 3039 1 2 3 4 -5 6 7 -8 9 10 11 12 13 14 15 16 -17 -18 -19 20
uf20-080 0 3404 3694 3694 1 2 3 -4 5 -6 7 8 9 -10 11 12 13 14 15 16 17 -18 19 20
uf20-0800 0 0 3666 3666 1 2 3 4 5 6 7 8 9 -10 11 -12 13 14 -15 -16 17 18 19 -20
uf20-0801 0 3449 4216 4348 1 2 3 4 5 6 7 8 9 -10 11 12 -13 14 15 16 17 18 19 20
uf20-0802 0 0 3531 3531 1 -2 3 4 5 -6 7 8 9 -10 -11 12 13 14 -15 16 17 18 19 20
uf20-0803 0 2059 3791 3791 -1 2 3 4 5 6 7 -8 9 10 -11 12 13 14 15 -16 17 18 19 20
uf20-0804 0 2363 3182 3182 1 2 3 4 5 6 7 8 -9 10 11 12 -13 14 15 -16 17 -18 19 20
uf20-0805 0 0 3059 4168 1 2 3 4 5 6 7 8 9 10 11 12 13 14 -15 16 17 -18 19 20
uf20-0806 0 0 3817 3817 -1 2 -3 4 5 6 7 8 9 10 11 12 13 14 15 -16 17 -18 -19 20
uf20-0807 0 3288 3380 3380 1 -2 3 4 5 6 7 8 -9 -10 11 12 13 14 15 16 17 18 19 -20
uf20-0808 0 0 3251 3251 1 2 -3 -4 5 -6 -7 8 9 10 11 12 13 -14 15 16 -17 18 19 20
uf20-0809 0 0 3196 3196 -1 -2 3 4 5 -6 7 8 -9 10 11 12 -13 14 -15 16 17 18 19 20
uf20-081 0 0 4032 4032 1 2 3 4 5 6 7 8 9 10 11 12 13 -14 15 16 17 18 -19 -20
uf20-0810 0 0 2785 2785 1 2 3 4 -5 6 7 8 -9 10 -11 -12 -13 14 15 -16 17 -18 19 -20
uf20-0811 0 0 3839 3839 1 2 3 4 5 6 7 8 9 10 11 -12 -13 14 15 16 17 18 -19 -20
uf20-0812 0 0 0 3608 1 -2 -3 4 5 6 7 8 9 -10 11 12 -13 14 15 16 17 -18 19 -20
uf20-0813 0 0 3529 3529 1 2 3 4 5 -6 7 -8 9 10 11 12 -13 14 -15 16 -17 18 19 20
uf20-0814 0 3570 3857 3857 1 2 3 4 5 6 7 8 9 -10 11 12 13 14 15 16 -17 -18 19 -20
uf20-0815 0 3325 3530 3530 1 2 3 4 5 6 7 8 -9 -10 11 12 13 14 15 16 17 -18 19 -20
uf20-0816 0 2103 3258 3258 1 -2 3 -4 5 -6 7 -8 -9 10 11 12 13 14 15 -16 17 18 19 20
uf20-0817 0 0 2548 2548 1 -2 3 -4 -5 6 7 8 9 10 11 -12 -13 -14 15 -16 -17 18 19 20
uf20-0818 0 0 3979 3979 1 -2 3 -4 -5 6 7 8 9 10 11 12 -13 14 15 16 17 18 19 20
uf20-0819 0 2957 3818 3818 1 2 -3 4 5 6 7 8 9 -10 11 -12 13 14 15 16 17 18 19 20
uf20-082 0 2543 3540 3540 1 2 3 4 5 -6 -7 -8 9 10 11 12 13 14 -15 16 17 18 -19 20
uf20-0820 3075 3683 3740 3740 1 2 3 4 5 -6 7 8 -9 -10 11 12 13 14 15 16 17 -18 19 -20
uf20-0821 0 0 2781 2781 1 2 -3 4 -5 6 7 8 -9 10 -11 12 -13 -14 15 16 17 18 19 -20
uf20-0822 0 0 2304 2304 1 2 3 -4 -5 -6 7 8 9 -10 11 12 13 14 15 -16 -17 -18 -19 20
uf20-0823 0 0 3350 3350 1 -2 3 4 -5 6 7 8 -9 10 11 12 13 -14 -15 16 17 18 -19 20
uf20-0824 0 0 2690 2900 1 -2 3 -4 5 -6 -7 -8 9 10 11 12 13 14 15 16 -17 -18 19 20
uf20-0825 0 0 2907 2907 -1 2 -3 -4 5 6 -7 -8 -9 -10 11 12 13 14 15 16 17 18 19 20
uf20-0826 0 0 4249 4249 1 -2 3 4 5 6 7 -8 9 10 11 12 13 -14 15 16 17 18 19 20
uf20-0827 0 0 2869 2869 1 -2 -3 4 5 6 7 -8 9 -10 11 -12 13 14 -15 16 17 18 19 -20
uf20-0828 0 2918 3550 3550 1 -2 3 -4 -5 6 7 8 9 10 11 12 13 14 15 -16 17 -18 19 20
uf20-0829 0 2748 3507 3507 1 2 3 4 5 6 -7 8 9 10 11 12 -13 -14 -15 16 17 18 19 20
uf20-083 0 2370 3049 3049 1 2 3 4 5 -6 -7 8 9 10 11 12 13 14 -15 -16 17 18 -19 20
uf20-0830 0 0 3030 3030 1 -2 3 -4 5 6 -7 8 9 10 11 -12 -13 14 15 16 17 18 19 20
uf20-0831 0 0 4086 4086 -1 2 3 4 5 6 7 8 9 10 11 12 13 -14 15 16 17 -18 19 20
uf20-0832 0 0 1618 2397 1 2 3 -4 5 -6 -7 -8 9 -10 11 -12 -13 -14 -15 16 17 18 19 20
uf20-0833 0 2793 3032 3032 -1 2 3 -4 5 6 -7 8 -9 10 -11 12 13 14 15 16 17 18 19 -20
uf20-0834 0 2202 2659 2659 -1 2 -3 4 5 6 -7 8 9 10 11 -12 13 14 15 16 17 -18 -19 -20
uf20-0835 0 3271 4007 4007 1 2 3 4 5 6 7 8 9 -10 11 12 13 14 15 -16 17 18 19 -20
uf20-0836 0 0 2536 3893 1 2 -3 4 5 6 7 -8 9 -10 11 12 13 -14 15 16 17 18 -19 20
uf20-0837 0 0 0 3205 1 2 3 -4 5 -6 7 8 9 -10 11 12 13 14 -15 -16 17 18 -19 20
uf20-0838 0 0 2461 2461 -1 2 -3 4 -5 -6 7 8 9 -10 11 12 13 14 15 -16 17 18 19 20
uf20-0839 0 0 0 3050 1 2 -3 4 -5 6 7 8 -9 10 11 12 13 -14 15 16 17 -18 -19 20
uf20-084 0 0 2909 3532 1 -2 3 4 -5 6 7 8 9 10 11 -12 13 14 15 -16 17 18 19 20
uf20-0840 0 0 3334 3334 1 2 3 4 5 -6 -7 8 9 10 11 12 13 -14 -15 16 17 18 19 20
uf20-0841 0 2389 2843 2843 1 2 3 4 5 -6 -7 8 9 -10 -11 12 13 14 15 16 17 18 -19 20
uf20-0842 0 0 2468 2468 1 -2 3 -4 5 6 7 -8 9 10 11 12 -13 -14 -15 16 17 18 -19 20
uf20-0843 0 1901 2322 2322 1 -2 3 4 -5 -6 -7 8 9 -10 11 12 -13 14 15 16 17 18 19 20
uf20-0844 0 0 3947 3947 1 2 3 4 5 6 7 8 9 10 11 12 -13 14 15 16 17 18 19 20
uf20-0845 0 0 2898 2898 1 -2 3 4 5 -6 -7 8 9 10 11 12 -13 -14 15 16 17 18 19 20
uf20-0846 0 0 3908 3908 1 2 3 4 5 6 7 8 9 -10 11 12 13 14 15 16 17 -18 19 20
uf20-0847 0 2549 2824 2824 -1 2 3 4 5 6 -7 8 9 10 11 12 -13 14 -15 16 -17 18 19 -20
uf20-0848 0 0 3279 3279 1 2 3 4 5 -6 7 -8 -9 10 -11 12 -13 14 15 16 17 18 19 20
uf20-0849 0 0 3684 3684 1 2 3 4 5 6 7 8 9 -10 11 -12 13 14 15 16 17 18 -19 20
uf20-085 0 0 0 3484 1 2 -3 4 5 6 7 8 -9 10 11 12 13 -14 15 -16 17 18 19 20
uf20-0850 0 0 0 2092 1 -2 -3 -4 5 -6 -7 8 9 -10 11 -12 -13 14 15 16 17 18 19 20
uf20-0851 0 0 2487 2487 1 2 3 -4 5 -6 -7 8 9 10 11 12 13 -14 15 16 -17 -18 19 -20
uf20-0852 0 0 2431 2431 1 2 3 -4 5 -6 7 8 9 -10 11 12 -13 -14 -15 16 17 18 19 -20
uf20-0853 0 0 2923 2923 1 2 -3 4 5 6 -7 -8 9 10 11 -12 13 14 -15 16 17 18 19 -20
uf20-0854 0 1874 2460 2460 1 -2 3 -4 -5 6 7 8 9 -10 -11 12 -13 14 -15 16 17 18 19 20
uf20-0855 0 3251 3954 3954 -1 2 -3 4 5 6 7 8 9 10 11 12 13 14 15 16 17 18 19 20
uf20-0856 0 2009 2148 2148 -1 -2 3 -4 5 6 7 8 -9 10 11 12 13 14 15 16 -17 -18 19 -20
uf20-0857 0 2090 2564 2564 1 -2 3 4 -5 6 -7 8 -9 10 11 12 -13 14 15 16 17 18 -19 -20
uf20-0858 0 0 0 2955 1 -2 3 4 5 6 -7 8 -9 10 -11 12 -13 -14 15 16 17 18 19 20
uf20-0859 0 0 3641 3641 1 2 -3 -4 5 6 7 8 9 10 11 12 -13 14 15 16 17 18 -19 20
uf20-086 0 0 2722 2722 1 -2 3 -4 5 6 7 8 9 10 -11 12 13 14 15 16 -17 -18 -19 20
uf20-0860 0 0 2923 2998 1 -2 -3 4 5 6 7 8 9 10 11 12 -13 14 -15 16 -17 18 19 20
uf20-0861 0 0 2339 2339 1 -2 -3 4 5 6 7 8 -9 10 11 -12 13 14 -15 -16 17 -18 -19 20
uf20-0862 0 0 2701 2701 1 -2 3 4 5 6 7 -8 -9 -10 -11 12 13 14 15 16 17 18 19 20
uf20-0863 0 0 3058 3058 -1 2 -3 4 5 6 7 8 9 10 11 12 -13 14 15 16 17 18 19 -20
uf20-0864 0 0 3898 3898 1 2 3 4 5 6 7 8 -9 10 11 12 13 14 15 16 -17 18 19 20
uf20-0865 0 0 2461 2461 1 2 -3 4 5 6 -7 8 9 -10 -11 12 13 14 15 16 -17 18 -19 -20
uf20-0866 0 0 2319 2566 1 -2 3 4 -5 6 -7 8 9 10 11 12 -13 14 -15 -16 17 18 -19 20
uf20-0867 0 3535 3853 3853 1 -2 3 4 5 6 7 8 9 10 11 12 13 14 15 16 17 -18 19 -20
uf20-0868 0 2116 2754 2754 1 2 3 4 5 -6 -7 8 9 -10 11 12 13 -14 15 16 -17 18 -19 20
uf20-0869 0 0 3057 3057 1 2 -3 4 5 -6 7 8 -9 10 11 12 -13 14 15 -16 17 18 19 20
uf20-087 0 0 3022 3022 1 -2 3 -4 5 6 -7 8 -9 10 11 12 13 14 15 -16 17 18 19 20
uf20-0870 0 2551 3379 3379 1 2 3 4 5 -6 7 -8 -9 10 11 12 13 14 15 16 17 -18 19 20
uf20-0871 0 0 2764 3042 1 2 -3 -4 5 6 7 8 9 10 11 -12 13 14 -15 16 17 18 -19 20
uf20-0872 0 1444 2198 2198 -1 2 3 4 -5 -6 7 8 -9 10 11 -12 13 14 15 -16 17 18 -19 20
uf20-0873 0 3917 4269 4269 1 2 3 4 5 6 7 8 9 10 11 12 13 14 15 16 -17 -18 19 20
uf20-0874 0 0 4019 4019 1 2 3 4 5 6 7 8 -9 10 11 -12 13 14 15 16 17 18 19 20
uf20-0875 0 0 3480 3480 -1 2 3 -4 5 6 -7 8 9 10 11 12 13 14 -15 16 17 18 19 20
uf20-0876 0 0 3224 3224 1 2 3 -4 5 6 7 8 9 -10 -11 12 13 14 15 16 17 18 19 20
uf20-0877 0 0 1653 1723 -1 -2 -3 4 -5 6 7 8 -9 -10 -11 12 13 14 15 16 17 18 -19 20
uf20-0878 0 0 2203 2203 -1 -2 -3 4 -5 6 7 8 9 10 11 12 13 -14 15 16 -17 18 19 -20
uf20-0879 0 0 0 3250 1 -2 3 -4 -5 6 7 8 9 10 11 12 13 14 -15 -16 17 18 19 20
uf20-0880 0 2145 2616 2616 -1 2 -3 4 5 6 -7 8 9 10 11 12 -13 14 -15 16 17 18 -19 -20
uf20-0881 0 0 2774 2774 -1 2 3 4 5 6 7 8 -9 10 -11 -12 13 -14 -15 16 17 18 19 20
uf20-0882 0 0 3982 3982 1 2 3 4 -5 6 7 8 9 10 11 -12 13 14 15 16 17 18 19 20
uf20-0883 0 0 1694 2736 1 -2 -3 4 5 6 7 8 -9 10 -11 12 -13 14 -15 16 17 18 19 20
uf20-0884 0 0 3175 3175 1 2 -3 4 5 6 7 -8 9 -10 11 -12 13 14 15 16 17 -18 19 20
uf20-0885 0 2763 3296 3296 1 2 -3 4 5 6 7 8 9 -10 11 12 13 14 15 -16 17 18 19 20
uf20-0886 0 0 3693 3693 1 2 -3 -4 5 6 7 8 9 10 11 12 13 14 -15 16 17 18 -19 20
uf20-0887 0 2027 2578 2578 -1 2 -3 4 -5 6 7 -8 9 10 -11 12 13 14 15 16 17 18 -19 20
uf20-0888 0 0 3534 3534 1 2 3 -4 5 6 -7 8 9 10 11 -12 13 14 15 16 17 18 19 20
uf20-0889 0 0 0 3146 1 -2 3 4 5 -6 -7 8 9 -10 11 12 -13 14 15 16 17 18 19 20
uf20-089 0 0 2151 2261 1 2 -3 4 5 6 7 8 -9 10 11 12 -13 -14 -15 -16 17 18 19 20
uf20-0891 0 0 2448 2684 -1 -2 -3 4 5 6 7 -8 9 10 11 12 13 14 15 16 17 18 19 -20
uf20-0892 0 0 2809 2809 1 2 -3 4 5 6 7 8 9 10 11 12 13 -14 15 -16 17 -18 -19 -20
uf20-0893 0 2515 2779 2779 1 2 3 4 -5 6 7 8 9 -10 11 12 13 14 -15 16 -17 -18 19 -20
uf20-0894 0 0 3616 3616 1 2 3 4 5 6 -7 8 9 10 11 12 -13 14 15 -16 17 18 -19 20
uf20-0895 0 0 2651 2651 1 2 -3 4 5 6 -7 8 -9 10 -11 -12 -13 14 15 16 17 18 19 -20
uf20-0896 0 2492 2510 2898 -1 -2 3 -4 5 6 7 8 9 10 11 12 -13 14 15 -16 17 -18 -19 20
uf20-0897 0 2637 2990 2990 1 2 3 4 5 -6 -7 8 -9 10 11 12 13 14 15 -16 17 18 19 -20
uf20-0898 0 2166 2551 2551 -1 -2 -3 4 -5 6 7 8 -9 -10 11 12 13 -14 15 16 17 18 19 20
uf20-0899 0 0 3750 3750 1 2 3 -4 5 6 7 8 9 10 -11 12 13 14 15 -16 17 18 19 20
uf20-09 0 2665 3429 3429 -1 2 3 4 5 6 7 -8 9 10 11 12 13 14 -15 16 17 -18 19 20
uf20-090 0 3227 3863 3863 1 2 3 4 5 6 7 8 -9 10 11 12 13 14 15 16 17 18 19 20
uf20-0900 0 0 3112 3112 1 -2 3 4 5 -6 -7 8 9 10 11 12 13 14 -15 16 17 18 -19 20
uf20-0901 0 3160 3527 3527 1 2 3 -4 -5 6 -7 8 9 10 -11 12 13 14 15 16 17 18 19 20
uf20-0902 0 2881 3184 3184 1 2 3 4 5 -6 7 8 9 -10 11 12 13 14 15 16 17 -18 -19 -20
uf20-0903 0 0 3052 3052 1 -2 3 4 5 -6 7 8 9 10 11 12 13 -14 -15 16 -17 18 19 20
uf20-0904 0 2122 2713 2713 1 -2 3 4 5 6 -7 8 9 10 -11 12 13 14 15 16 -17 18 19 -20
uf20-0905 0 0 2531 2531 1 -2 3 -4 5 -6 7 -8 9 -10 11 12 13 14 15 -16 17 18 19 20
uf20-0906 0 0 2868 2868 -1 -2 3 4 5 6 7 8 -9 10 11 12 13 -14 15 -16 17 18 19 20
uf20-0907 0 0 2044 2046 -1 2 3 -4 5 6 7 -8 -9 10 11 12 -13 14 -15 16 -17 18 -19 20
uf20-091 0 2756 3367 3367 -1 2 3 4 5 6 -7 8 9 10 -11 12 13 14 15 16 17 18 19 -20
uf20-0910 0 0 3016 3016 1 -2 3 -4 5 -6 7 8 9 10 11 12 13 14 15 -16 17 18 -19 20
uf20-0911 0 2921 3024 3024 -1 2 -3 -4 5 6 7 8 9 10 11 12 13 14 15 16 17 -18 19 20
uf20-0912 0 2054 2608 2608 1 -2 3 4 -5 6 -7 8 9 10 11 12 -13 14 15 -16 -17 18 19 -20
uf20-0913 0 0 2876 3129 1 2 3 4 5 -6 7 8 9 10 11 12 -13 14 15 16 -17 18 19 -20
uf20-0914 0 0 2598 2949 1 -2 3 4 5 -6 7 -8 9 -10 -11 12 13 14 15 16 17 -18 19 20
uf20-0915 0 0 2754 2754 -1 2 -3 4 5 -6 7 8 -9 10 11 12 -13 14 15 16 17 18 19 -20
uf20-0916 0 0 0 3657 1 2 -3 4 5 -6 7 8 -9 10 11 12 13 14 15 16 17 18 19 20
uf20-0917 0 0 2135 2218 1 2 -3 4 -5 -6 7 8 9 10 11 -12 13 -14 15 16 17 18 19 -20
uf20-0918 0 2976 3297 3297 1 2 -3 -4 -5 6 -7 8 9 10 11 12 13 -14 15 16 17 18 19 20
uf20-0919 0 2771 3397 3397 1 2 3 4 5 6 7 -8 9 10 11 12 13 14 -15 -16 17 -18 19 20
uf20-092 0 3576 4206 4206 1 2 3 4 5 6 7 8 9 -10 11 12 13 14 15 16 17 18 19 20
uf20-0920 0 2923 3958 3958 1 2 3 4 5 6 7 8 -9 10 11 12 13 14 -15 16 17 18 19 20
uf20-0921 0 0 3277 3384 1 -2 3 -4 5 -6 7 8 9 10 11 12 13 14 15 16 -17 18 19 20
uf20-0922 0 0 3436 3436 1 -2 -3 4 5 6 7 8 9 10 11 -12 13 14 15 16 17 18 19 20
uf20-0923 0 2738 3484 3484 1 2 3 -4 -5 -6 7 8 9 10 11 12 13 -14 15 16 17 18 19 20
uf20-0924 0 0 2461 3068 1 2 3 4 5 6 7 8 9 -10 -11 12 -13 14 15 16 17 -18 -19 20
uf20-0925 0 0 2647 2647 -1 2 3 4 5 6 -7 8 9 10 11 -12 -13 14 15 16 17 18 19 -20
uf20-0926 0 0 3563 3563 1 2 -3 4 5 6 7 8 9 10 11 12 13 14 15 -16 -17 18 19 20
uf20-0927 0 0 2798 2857 -1 -2 3 4 5 6 7 8 9 10 -11 12 -13 -14 15 16 17 18 19 -20
uf20-0928 0 0 2900 3011 1 -2 -3 4 5 -6 7 8 9 10 11 12 13 14 15 -16 17 18 19 20
uf20-0929 0 0 2795 2795 1 2 -3 4 5 6 7 -8 9 -10 11 12 -13 -14 15 16 17 18 19 -20
uf20-093 0 2041 2432 2432 -1 -2 3 -4 5 6 7 -8 9 -10 -11 12 13 14 15 16 17 -18 19 20
uf20-0930 0 0 2305 2708 1 2 -3 4 5 -6 7 8 9 10 11 -12 -13 14 -15 16 17 18 -19 20
uf20-0931 0 0 1939 3130 1 2 3 4 -5 6 7 -8 9 10 11 12 13 -14 -15 16 -17 18 19 20
uf20-0932 0 0 3387 3387 1 2 3 4 5 -6 7 8 -9 -10 11 12 13 14 -15 16 17 18 19 20
uf20-0933 0 2637 2637 2637 1 2 -3 -4 -5 6 -7 8 -9 -10 11 12 13 14 15 16 17 18 19 -20
uf20-0934 0 0 3514 3514 1 2 3 4 5 -6 7 8 9 -10 11 -12 13 14 15 16 17 18 19 -20
uf20-0935 0 3192 3618 3618 1 2 3 4 5 6 7 8 9 10 -11 12 13 14 15 16 -17 18 19 20
uf20-0936 0 2558 2821 2821 1 -2 3 4 5 6 7 8 9 10 11 12 -13 14 15 16 17 -18 19 -20
uf20-0937 0 0 0 2470 1 2 -3 -4 5 -6 7 8 -9 10 -11 12 -13 14 15 16 17 18 -19 20
uf20-0938 0 0 2936 2936 -1 2 -3 4 -5 6 7 8 9 10 -11 12 13 14 15 16 -17 18 -19 20
uf20-0939 0 0 2410 2467 -1 2 3 4 5 6 7 8 -9 10 11 -12 -13 14 -15 16 -17 18 -19 20
uf20-094 0 2737 3046 3046 1 2 3 -4 5 6 -7 8 9 10 11 12 13 -14 -15 16 17 -18 19 -20
uf20-0940 0 2087 3064 3064 -1 2 3 4 5 6 7 -8 9 10 -11 12 -13 14 15 16 17 -18 19 20
uf20-0941 0 0 924 2237 -1 2 3 -4 -5 -6 -7 8 9 10 11 -12 13 14 15 16 17 -18 -19 20
uf20-0942 0 2040 2735 2735 1 2 -3 4 5 -6 7 8 9 -10 11 12 13 -14 15 -16 17 18 19 20
uf20-0943 0 0 3232 3232 -1 2 3 4 5 -6 7 8 -9 -10 11 12 13 14 15 16 17 18 19 20
uf20-0944 0 2108 3165 3165 1 2 -3 4 5 6 7 8 9 10 11 12 13 -14 15 16 17 -18 19 20
uf20-0945 0 0 2882 2890 1 2 3 4 -5 6 7 8 9 10 11 12 -13 14 15 -16 -17 18 19 -20
uf20-0946 0 2418 3023 3023 1 -2 3 -4 5 6 7 -8 9 -10 11 12 13 14 -15 16 17 18 19 20
uf20-0947 0 0 2772 2772 -1 -2 -3 4 -5 -6 7 8 9 10 11 -12 13 14 15 16 17 18 19 20
uf20-0948 0 0 0 3812 1 2 3 4 5 -6 7 8 -9 10 11 12 -13 14 15 16 17 18 19 20
uf20-0949 0 0 2877 2877 1 2 -3 4 -5 6 -7 -8 9 10 11 12 13 -14 15 16 17 -18 19 20
uf20-095 0 0 3391 3391 1 2 3 4 5 -6 -7 8 -9 10 11 12 13 14 15 16 17 18 -19 20
uf20-0950 0 2253 3002 3002 1 -2 3 4 -5 6 7 8 -9 10 11 12 13 14 -15 -16 17 -18 19 20
uf20-0951 0 0 3007 3007 1 2 -3 4 -5 6 7 8 9 10 -11 12 13 -14 15 16 17 18 -19 20
uf20-0952 0 0 2718 2971 -1 -2 3 4 5 6 7 8 9 10 11 -12 13 -14 15 16 17 18 -19 20
uf20-0953 0 0 2511 2517 -1 -2 3 4 5 -6 7 8 9 10 -11 12 -13 -14 15 16 17 18 19 20
uf20-0954 0 0 0 3664 1 -2 3 4 -5 6 7 -8 9 10 -11 12 13 14 15 16 17 18 19 20
uf20-0955 0 2710 3522 3522 1 2 3 4 -5 6 7 8 9 10 11 -12 13 14 15 16 17 -18 19 20
uf20-0956 0 0 2465 2465 -1 2 3 -4 -5 6 7 -8 9 -10 11 -12 -13 14 -15 16 17 18 19 20
uf20-0957 0 0 3490 3490 1 -2 3 4 -5 6 7 8 9 10 11 12 13 14 15 16 17 18 -19 20
uf20-0958 0 0 2597 2597 1 2 3 4 5 6 -7 8 -9 10 -11 12 -13 -14 15 16 -17 18 -19 20
uf20-0959 0 0 3502 3502 1 2 3 4 -5 6 7 8 9 10 11 -12 13 -14 15 16 -17 18 19 20
uf20-096 0 2156 3386 3386 -1 2 3 4 5 6 7 8 9 10 11 -12 13 14 -15 16 17 18 19 20
uf20-0960 0 0 1772 3231 1 2 3 4 5 6 7 8 9 10 -11 -12 13 14 15 16 -17 -18 19 -20
uf20-0961 0 0 1822 1822 1 -2 3 -4 -5 -6 7 8 9 10 11 -12 -13 -14 15 -16 17 18 -19 -20
uf20-0962 0 0 2580 2703 1 2 -3 4 -5 6 7 -8 9 -10 -11 -12 13 14 15 16 17 18 19 20
uf20-0963 0 0 0 3019 1 -2 -3 4 5 6 7 8 9 -10 -11 -12 13 -14 15 16 17 18 19 20
uf20-0964 0 3013 3458 3458 1 2 -3 4 5 6 -7 8 9 10 11 12 -13 14 15 16 17 -18 19 20
uf20-0965 0 0 2798 2798 1 2 3 4 5 6 -7 -8 9 10 11 12 13 14 15 16 -17 -18 -19 20
uf20-0966 0 0 3604 3604 -1 -2 3 4 5 6 7 8 9 10 11 12 13 14 -15 16 17 18 19 20
uf20-0967 0 3248 3502 3502 1 2 3 4 5 6 -7 8 9 10 11 12 -13 14 -15 16 17 18 19 -20
uf20-0968 0 0 2707 2707 1 2 3 -4 5 6 -7 8 9 10 11 12 -13 14 -15 -16 -17 18 -19 20
uf20-0969 0 0 2537 2537 -1 2 3 4 5 6 7 8 -9 -10 11 12 -13 -14 15 -16 17 18 19 20
uf20-097 0 0 2615 2615 1 2 3 4 -5 -6 7 -8 9 10 -11 -12 13 14 -15 16 17 18 -19 20
uf20-0970 0 0 0 2825 1 -2 3 -4 5 -6 7 8 9 10 -11 12 13 -14 15 16 -17 18 19 20
uf20-0971 0 0 2440 2440 -1 2 -3 4 5 6 -7 8 -9 10 11 12 -13 14 -15 16 17 18 -19 20
uf20-0972 0 3095 3437 3437 1 2 3 -4 5 6 7 8 9 10 11 12 13 14 15 16 -17 -18 19 20
uf20-0973 0 0 3335 3335 -1 2 3 4 5 6 7 -8 9 -10 11 -12 13 14 15 16 -17 18 19 20
uf20-0974 0 0 2594 2840 1 -2 3 -4 5 6 -7 -8 9 -10 -11 12 -13 14 15 16 17 18 19 20
uf20-0975 0 3085 3667 3667 1 2 3 4 5 6 -7 -8 9 10 11 12 13 14 15 16 17 -18 19 20
uf20-0976 2538 2641 2947 2947 1 2 3 4 5 -6 -7 8 9 -10 -11 12 13 14 15 16 17 -18 -19 20
uf20-0977 0 0 0 3335 1 2 3 4 5 -6 7 -8 9 10 11 12 13 14 15 16 17 -18 19 20
uf20-0978 0 0 4230 4230 1 2 3 4 5 6 7 8 9 10 11 12 13 14 15 -16 17 18 19 20
uf20-0979 0 0 3189 3189 1 -2 -3 4 5 6 7 8 9 10 11 12 13 14 -15 16 17 -18 19 -20
uf20-098 0 2611 3163 3163 1 2 3 -4 5 -6 7 8 9 10 -11 12 13 14 -15 16 17 18 19 20
uf20-0980 0 0 2336 2336 1 -2 3 -4 -5 6 -7 8 9 10 11 12 -13 14 -15 16 -17 18 19 20
uf20-0981 0 1930 2376 2376 -1 2 3 4 -5 -6 7 8 9 10 11 12 -13 14 15 16 17 18 -19 -20
uf20-0982 0 0 0 2471 1 -2 3 4 -5 6 -7 -8 9 -10 11 12 -13 -14 15 16 17 18 -19 20
uf20-0983 0 0 2934 2934 1 2 -3 -4 -5 6 7 -8 -9 10 11 12 13 14 15 16 17 18 19 20
uf20-0984 0 0 2804 2837 1 2 3 -4 5 6 7 8 -9 -10 -11 -12 13 -14 -15 16 17 18 19 20
uf20-0985 0 0 3370 3370 1 2 3 4 5 6 -7 8 9 10 -11 12 13 14 -15 16 17 -18 19 20
uf20-0986 0 0 2164 2164 -1 2 3 4 -5 6 -7 8 -9 10 11 -12 13 -14 15 16 -17 18 19 20
uf20-0987 0 0 0 3724 1 2 -3 4 5 6 7 8 9 10 11 -12 13 14 15 16 17 18 -19 20
uf20-0988 0 2019 2609 2609 -1 2 3 4 5 6 -7 8 -9 10 11 12 -13 -14 15 16 17 18 19 20
uf20-0989 0 2311 2884 2884 -1 2 -3 4 5 6 7 8 9 10 -11 12 13 -14 15 -16 17 -18 19 20
uf20-099 0 0 2270 2270 1 2 3 -4 -5 -6 7 8 9 10 11 12 -13 14 -15 -16 17 18 -19 20
uf20-0990 0 0 3078 3078 1 -2 3 4 5 6 7 8 -9 10 11 12 13 -14 -15 16 17 -18 19 20
uf20-0991 0 0 3221 3221 1 -2 3 4 5 6 -7 8 9 10 11 12 13 14 -15 16 17 18 19 20
uf20-0992 0 0 2089 2196 1 -2 -3 4 5 6 7 -8 -9 10 11 12 -13 -14 15 16 -17 18 19 -20
uf20-0993 0 3057 3335 3528 1 2 3 4 5 6 -7 8 -9 10 11 12 -13 14 -15 16 17 18 19 20
uf20-0994 0 0 2741 2741 -1 -2 3 -4 5 -6 7 8 9 10 11 12 13 -14 15 16 17 18 19 -20
uf20-0995 0 0 2980 3338 -1 2 3 4 5 6 7 8 9 10 11 -12 13 14 15 16 17 18 -19 -20
uf20-0996 0 0 3213 3213 1 2 -3 -4 5 6 7 -8 9 10 11 -12 13 14 15 16 17 18 19 20
uf20-0997 0 0 3125 3125 1 2 3 -4 5 6 7 8 9 10 11 12 13 14 15 16 -17 18 -19 -20
uf20-0998 0 0 3468 3468 1 2 3 4 -5 6 7 8 9 10 11 12 13 -14 15 16 17 18 19 20
uf20-0999 0 0 2317 3202 1 2 -3 4 5 -6 7 8 9 10 -11 12 -13 14 15 -16 17 18 19 20
