uf50-012 n logn infinity n 0.007776543000005631 0 1 -2 3 -4 -5 6 7 8 9 -10 -11 12 -13 14 15 -16 17 -18 19 -20 -21 22 -23 -24 -25 26 -27 -28 -29 30 31 32 33 -34 35 -36 -37 38 -39 -40 41 42 43 -44 45 -46 -47 -48 49 50
uf50-012 nlogn logn infinity n 0.04364290899999901 0 -1 -2 3 -4 -5 -6 7 8 9 -10 11 12 -13 14 15 -16 17 -18 19 -20 -21 22 -23 24 -25 26 -27 -28 -29 30 31 32 33 34 35 -36 -37 38 39 -40 -41 -42 -43 -44 45 -46 -47 -48 -49 -50
uf50-012 nn logn infinity n 0.39281456399999115 11545 1 2 3 4 5 -6 -7 -8 9 -10 11 12 13 -14 15 16 17 -18 19 20 21 -22 -23 24 -25 26 -27 -28 29 30 31 32 33 34 35 -36 37 38 -39 40 -41 42 -43 -44 45 46 47 -48 49 50
uf50-012 nnn logn infinity n 18.578485443999995 12019 1 2 3 4 5 -6 -7 -8 9 -10 11 12 13 -14 15 16 17 -18 19 20 21 22 23 24 -25 -26 -27 -28 29 30 31 32 33 34 35 -36 37 38 -39 40 -41 42 -43 -44 45 46 47 48 49 50
uf50-0123 n logn infinity n 0.008687353999988545 0 -1 -2 -3 4 5 6 7 8 -9 10 11 -12 -13 -14 -15 -16 17 -18 -19 -20 -21 22 -23 24 -25 26 -27 28 -29 -30 -31 -32 33 34 35 36 37 38 39 -40 41 42 -43 -44 -45 -46 47 48 49 -50
uf50-0123 nlogn logn infinity n 0.04862036599999442 0 1 2 -3 -4 -5 6 7 8 -9 10 11 -12 13 -14 15 -16 -17 -18 19 20 -21 22 -23 -24 -25 26 -27 28 29 30 -31 32 33 34 -35 -36 37 38 -39 -40 41 42 -43 -44 45 -46 47 48 49 -50
uf50-0123 nn logn infinity n 0.3977454639999962 9759 1 2 -3 4 -5 -6 7 8 -9 10 11 -12 13 -14 15 -16 -17 -18 -19 -20 21 22 23 24 -25 26 -27 28 29 30 -31 32 -33 -34 -35 -36 -37 38 39 40 41 42 43 -44 45 46 47 -48 -49 -50
uf50-0123 nnn logn infinity n 18.145235180000014 10540 1 2 -3 4 5 -6 -7 8 9 10 11 -12 13 -14 15 -16 -17 -18 -19 -20 21 22 23 24 25 26 -27 28 29 30 31 32 -33 -34 -35 -36 37 38 39 40 -41 42 43 -44 45 46 47 -48 -49 50
uf50-0133 n logn infinity n 0.007203081999989536 0 1 2 -3 -4 -5 -6 -7 8 -9 -10 -11 12 -13 14 15 -16 -17 -18 19 20 -21 22 23 24 -25 26 -27 28 -29 -30 -31 -32 33 34 35 36 37 38 -39 -40 -41 -42 43 44 -45 46 47 48 49 -50
uf50-0133 nlogn logn infinity n 0.039082978999999796 0 -1 -2 -3 4 -5 -6 7 -8 -9 -10 -11 -12 -13 14 15 -16 -17 18 19 20 -21 22 23 -24 -25 26 27 28 -29 -30 -31 -32 33 34 35 36 37 38 -39 -40 -41 -42 43 -44 45 -46 -47 48 49 -50
uf50-0133 nn logn infinity n 0.3452458159999878 10044 1 -2 -3 4 5 -6 -7 8 9 -10 11 12 -13 -14 -15 16 -17 18 19 -20 21 22 23 -24 -25 26 27 28 -29 -30 -31 32 -33 -34 -35 36 37 38 39 -40 -41 42 43 -44 45 46 -47 48 -49 50
uf50-0133 nnn logn infinity n 18.878339466 11444 1 -2 -3 4 5 -6 7 8 9 -10 11 12 13 -14 -15 16 17 18 19 -20 21 22 23 -24 25 26 27 28 -29 -30 -31 32 -33 34 35 36 37 38 39 -40 -41 42 43 -44 45 -46 -47 48 -49 50
uf50-0139 n logn infinity n 0.007392702999993617 0 -1 2 3 4 5 -6 -7 -8 -9 10 -11 12 13 -14 -15 -16 -17 18 19 20 -21 22 23 -24 -25 26 -27 28 -29 -30 -31 -32 -33 -34 -35 36 -37 -38 -39 -40 41 42 43 44 45 46 -47 48 -49 50
uf50-0139 nlogn logn infinity n 0.04041622800002642 11799 -1 -2 3 4 -5 6 -7 -8 9 10 -11 12 -13 14 15 -16 -17 18 -19 20 -21 22 23 -24 -25 26 27 28 -29 30 31 32 33 34 35 -36 37 -38 39 -40 41 -42 43 44 45 46 -47 48 49 50
uf50-0139 nn logn infinity n 0.3513679480000178 12570 -1 -2 3 4 -5 6 7 -8 9 10 -11 12 13 14 15 -16 -17 18 -19 20 -21 22 23 -24 -25 26 27 28 -29 30 31 32 33 34 35 36 37 -38 39 -40 41 42 43 44 -45 46 47 48 49 50
uf50-0139 nnn logn infinity n 17.399043232999986 12811 -1 -2 3 -4 -5 6 7 8 9 10 -11 12 13 14 15 -16 -17 18 -19 20 -21 22 23 24 -25 26 27 28 -29 30 31 32 33 34 35 36 37 -38 39 -40 41 42 43 44 45 46 47 48 49 50
uf50-024 n logn infinity n 0.0071382110000399734 0 1 2 -3 -4 5 -6 7 -8 -9 10 11 -12 13 -14 15 -16 -17 -18 -19 20 21 -22 23 -24 25 26 27 28 29 -30 -31 32 -33 -34 -35 36 -37 38 -39 40 41 42 -43 -44 -45 46 -47 -48 49 -50
uf50-024 nlogn logn infinity n 0.03961314200000743 0 1 2 -3 -4 5 -6 7 -8 -9 10 11 12 13 -14 15 -16 17 18 -19 20 -21 -22 23 -24 25 26 27 28 29 -30 -31 32 -33 34 -35 36 -37 38 -39 40 -41 42 43 -44 -45 46 -47 -48 49 50
uf50-024 nn logn infinity n 0.35666871099999753 11872 1 2 3 4 5 -6 7 8 -9 -10 11 12 13 14 15 -16 17 18 19 20 -21 -22 -23 -24 25 26 27 28 29 30 31 32 -33 34 -35 36 37 38 -39 -40 -41 42 43 44 -45 46 47 -48 -49 50
uf50-024 nnn logn infinity n 17.447652558000016 12013 1 2 3 4 5 -6 7 8 -9 -10 11 12 13 -14 15 -16 17 18 -19 20 21 -22 -23 24 25 26 27 28 -29 30 31 32 -33 34 -35 36 37 38 -39 -40 -41 42 43 44 -45 46 47 -48 49 50
uf50-0241 n logn infinity n 0.007438757999977952 0 1 2 -3 4 5 6 7 -8 -9 -10 -11 -12 13 -14 -15 -16 -17 18 -19 -20 -21 22 -23 24 -25 26 -27 28 29 -30 31 -32 33 -34 -35 36 -37 -38 -39 -40 41 42 -43 -44 45 46 -47 -48 -49 50
uf50-0241 nlogn logn infinity n 0.04079917999996496 0 1 2 -3 4 5 -6 -7 8 -9 -10 -11 12 13 -14 -15 -16 -17 18 19 20 -21 22 -23 24 -25 -26 27 28 -29 -30 -31 32 -33 34 35 36 -37 -38 39 40 -41 -42 43 44 -45 46 -47 -48 49 50
uf50-0241 nn logn infinity n 0.349065515999996 11201 1 2 3 4 -5 -6 -7 -8 9 10 11 12 -13 14 15 16 17 18 19 -20 -21 22 -23 -24 25 26 27 28 29 30 -31 32 33 34 35 -36 -37 38 39 -40 -41 -42 43 44 -45 46 47 48 49 -50
uf50-0241 nnn logn infinity n 17.31084522599997 11870 1 2 3 4 -5 -6 -7 8 -9 10 11 12 13 14 15 16 17 18 19 -20 -21 -22 -23 -24 25 26 27 28 29 30 -31 32 33 34 35 -36 37 38 39 -40 41 -42 43 44 -45 46 47 48 49 -50
uf50-0274 n logn infinity n 0.0072106660000486045 0 -1 2 3 4 5 -6 7 -8 9 -10 11 12 -13 14 15 16 17 18 -19 20 -21 22 -23 24 25 -26 27 28 -29 30 -31 -32 -33 34 35 36 -37 -38 39 -40 -41 -42 -43 44 -45 46 47 -48 49 50
uf50-0274 nlogn logn infinity n 0.03980751700004248 0 -1 2 3 -4 5 -6 7 -8 -9 -10 11 12 -13 14 -15 -16 -17 18 -19 20 -21 -22 -23 24 25 26 27 28 -29 30 -31 32 33 34 35 36 -37 -38 39 40 -41 -42 -43 44 45 46 -47 -48 -49 50
uf50-0274 nn logn infinity n 0.3507502850000037 11609 1 -2 3 -4 5 6 -7 8 -9 10 -11 12 -13 -14 15 16 -17 18 19 20 -21 -22 23 24 25 26 27 28 -29 30 -31 32 33 -34 35 36 37 -38 -39 40 41 42 43 44 45 46 -47 48 -49 50
uf50-0274 nnn logn infinity n 17.413178027000015 12229 1 -2 3 -4 5 6 -7 8 -9 10 -11 12 -13 14 15 16 -17 18 19 20 -21 -22 23 24 25 26 27 28 -29 30 -31 32 33 -34 35 36 37 -38 -39 40 41 42 43 44 45 46 -47 48 49 50
uf50-036 n logn infinity n 0.0072024450000185425 0 1 2 -3 -4 5 6 -7 -8 -9 10 -11 12 13 -14 -15 16 -17 -18 19 20 21 22 23 24 -25 -26 -27 -28 -29 30 -31 -32 -33 34 35 36 37 38 -39 -40 -41 -42 43 44 -45 -46 47 -48 49 -50
uf50-036 nlogn logn infinity n 0.039507042000025194 0 1 2 -3 -4 5 6 -7 8 -9 10 -11 -12 13 -14 -15 16 -17 18 19 20 21 22 -23 24 -25 26 27 -28 -29 30 -31 -32 -33 34 35 -36 -37 38 -39 -40 -41 -42 -43 44 45 -46 -47 -48 49 -50
uf50-036 nn logn infinity n 0.3485423619999892 24997 1 2 3 -4 5 6 -7 8 -9 10 -11 -12 13 14 15 16 -17 18 19 -20 -21 22 23 24 -25 26 -27 -28 29 30 31 -32 -33 34 35 36 -37 38 39 40 -41 -42 43 44 45 46 -47 48 -49 -50
uf50-036 nnn logn infinity n 18.206018527000026 25690 1 2 3 -4 5 6 -7 8 -9 10 -11 -12 13 14 15 16 -17 18 19 -20 21 22 23 24 -25 26 -27 -28 29 30 31 -32 -33 34 35 36 -37 38 39 40 -41 42 43 44 45 46 -47 48 -49 -50
uf50-0369 n logn infinity n 0.007724325000026511 0 1 -2 -3 -4 -5 6 7 -8 9 10 11 -12 13 14 -15 16 17 18 19 20 -21 22 -23 -24 -25 -26 -27 -28 -29 30 -31 32 -33 34 -35 -36 37 -38 -39 40 41 42 -43 -44 -45 -46 -47 48 -49 -50
uf50-0369 nlogn logn infinity n 0.04245740500005013 0 1 -2 -3 -4 -5 6 7 8 9 10 11 -12 13 -14 15 -16 -17 18 19 20 21 -22 -23 -24 -25 -26 27 28 -29 30 31 -32 33 34 -35 -36 -37 -38 -39 40 -41 42 -43 -44 -45 -46 47 48 49 -50
uf50-0369 nn logn infinity n 0.37391931700000214 20264 1 -2 3 4 5 6 7 8 9 10 11 -12 -13 -14 -15 -16 17 18 -19 -20 -21 -22 23 -24 -25 26 -27 -28 29 -30 31 -32 33 -34 -35 -36 -37 -38 39 40 41 42 -43 44 45 46 -47 48 49 -50
uf50-0369 nnn logn infinity n 20.851076784000043 21661 1 -2 3 4 -5 6 7 8 9 10 11 -12 -13 -14 -15 -16 17 18 -19 -20 21 -22 23 24 25 26 -27 -28 29 -30 31 32 33 -34 -35 -36 -37 -38 39 40 41 42 -43 44 45 46 -47 48 -49 -50
uf50-0405 n logn infinity n 0.00843033500001411 0 1 -2 -3 4 5 -6 -7 -8 9 10 -11 -12 13 -14 -15 16 -17 -18 19 -20 21 -22 -23 -24 -25 -26 -27 -28 -29 30 31 -32 -33 -34 -35 -36 -37 38 -39 -40 -41 42 -43 44 -45 -46 47 48 -49 -50
uf50-0405 nlogn logn infinity n 0.04587047300003633 0 1 2 3 -4 -5 -6 -7 -8 -9 10 -11 -12 13 14 -15 16 -17 -18 -19 -20 21 -22 -23 -24 -25 26 27 -28 -29 -30 31 -32 33 -34 35 -36 -37 38 39 -40 -41 -42 -43 44 -45 -46 47 48 -49 -50
uf50-0405 nn logn infinity n 0.39234575900002255 24901 1 2 3 -4 -5 -6 -7 -8 9 10 -11 12 13 14 15 16 -17 18 19 -20 -21 22 23 24 -25 26 27 28 -29 30 31 32 33 34 35 36 -37 -38 39 -40 -41 42 -43 44 -45 46 47 48 49 -50
uf50-0405 nnn logn infinity n 17.88070537499999 26014 1 2 3 -4 -5 -6 -7 -8 9 10 -11 12 13 14 15 16 -17 18 19 -20 21 22 23 24 -25 26 27 28 -29 30 31 32 33 34 35 36 37 -38 39 -40 -41 42 -43 44 -45 46 47 48 49 -50
uf50-0414 n logn infinity n 0.007286770999996861 0 1 2 -3 -4 -5 6 -7 8 9 -10 11 -12 -13 14 15 -16 17 18 -19 -20 21 22 -23 24 -25 -26 -27 28 -29 -30 -31 -32 33 34 35 36 37 38 39 -40 41 42 -43 -44 45 -46 47 48 -49 -50
uf50-0414 nlogn logn infinity n 0.03967328099997758 0 -1 -2 3 -4 -5 6 -7 8 9 -10 -11 -12 -13 14 -15 16 -17 -18 -19 -20 21 22 23 -24 25 -26 -27 -28 -29 30 31 -32 33 34 -35 36 -37 -38 39 40 41 -42 43 -44 -45 46 47 48 49 -50
uf50-0414 nn logn infinity n 0.3479392289999623 27926 -1 2 3 4 -5 -6 -7 8 9 10 -11 12 13 14 -15 -16 17 -18 -19 20 -21 -22 23 -24 25 26 27 -28 -29 30 31 32 33 34 35 -36 37 38 39 40 41 42 43 44 45 -46 -47 -48 49 50
uf50-0414 nnn logn infinity n 17.634479177999992 31225 -1 2 3 -4 -5 -6 -7 8 9 10 11 12 13 14 -15 16 17 18 19 20 21 22 23 -24 25 26 27 28 -29 30 31 32 33 34 35 -36 37 38 39 40 41 42 43 44 45 -46 -47 48 49 50
uf50-0430 n logn infinity n 0.00847426299998233 0 -1 -2 3 4 5 -6 7 -8 -9 -10 11 12 -13 14 -15 16 -17 18 19 -20 -21 22 -23 -24 25 -26 -27 28 -29 -30 31 -32 -33 34 -35 -36 37 -38 -39 -40 -41 -42 43 -44 45 -46 47 -48 -49 50
uf50-0430 nlogn logn infinity n 0.04779738899998165 0 1 -2 -3 -4 -5 -6 7 -8 -9 -10 -11 12 13 -14 -15 16 -17 18 -19 20 -21 22 -23 24 25 -26 -27 28 -29 -30 31 32 -33 34 -35 -36 -37 -38 -39 -40 -41 42 -43 -44 45 -46 47 -48 49 50
uf50-0430 nn logn infinity n 0.3935050320000073 21324 1 -2 -3 4 -5 6 -7 -8 9 10 -11 12 13 -14 15 -16 -17 18 -19 -20 -21 22 23 24 25 26 27 28 29 -30 -31 32 -33 34 35 -36 -37 -38 -39 -40 -41 42 43 44 -45 46 47 48 49 -50
uf50-0430 nnn logn infinity n 18.360614324999972 22644 1 -2 -3 4 -5 6 -7 -8 9 10 -11 12 13 14 15 -16 -17 18 -19 -20 21 22 23 24 25 26 27 28 29 -30 -31 32 -33 34 35 -36 -37 -38 -39 -40 -41 42 43 44 45 -46 47 48 49 -50
uf50-0434 n logn infinity n 0.007474717000036435 0 -1 -2 -3 4 -5 6 -7 8 9 -10 11 -12 -13 -14 -15 16 17 -18 19 -20 21 22 -23 -24 25 -26 27 28 29 -30 -31 32 -33 34 35 -36 37 38 39 40 41 -42 43 -44 45 -46 -47 -48 49 -50
uf50-0434 nlogn logn infinity n 0.04034597500003656 0 -1 -2 3 4 -5 -6 7 8 9 -10 11 -12 -13 14 -15 16 -17 -18 -19 -20 21 -22 23 -24 25 -26 27 -28 29 -30 31 32 -33 34 35 -36 37 38 39 40 41 -42 43 -44 -45 -46 -47 -48 49 -50
uf50-0434 nn logn infinity n 0.35550901200002727 16008 -1 -2 3 -4 -5 6 7 -8 9 -10 11 -12 13 -14 15 16 -17 -18 -19 20 21 -22 -23 -24 25 -26 -27 -28 29 30 31 32 -33 34 -35 -36 -37 -38 39 40 -41 -42 43 44 45 -46 -47 -48 49 -50
uf50-0434 nnn logn infinity n 17.963761288 16940 -1 -2 3 -4 5 6 7 -8 9 -10 -11 -12 13 14 15 16 -17 -18 -19 20 21 -22 23 -24 25 -26 27 -28 -29 30 31 32 -33 34 -35 -36 -37 -38 39 40 -41 42 43 44 45 46 -47 -48 49 -50
uf50-0441 n logn infinity n 0.007477957000048718 0 -1 2 3 -4 -5 -6 7 8 9 -10 -11 -12 -13 -14 15 -16 -17 18 19 -20 -21 -22 -23 24 -25 -26 27 28 29 30 31 -32 33 -34 35 -36 37 38 -39 -40 41 -42 -43 44 -45 46 -47 48 49 -50
uf50-0441 nlogn logn infinity n 0.041006558000049154 0 -1 2 -3 -4 -5 -6 7 -8 9 -10 11 -12 -13 14 -15 -16 17 18 19 -20 -21 22 23 24 25 26 27 28 29 -30 31 -32 33 -34 -35 -36 37 38 -39 -40 41 -42 43 44 -45 46 -47 48 49 50
uf50-0441 nn logn infinity n 0.3580054560000008 20875 1 -2 -3 4 -5 -6 7 8 -9 -10 11 -12 13 -14 15 -16 -17 18 19 -20 21 22 23 24 25 26 -27 -28 29 -30 31 -32 -33 -34 35 -36 37 38 39 -40 41 -42 43 44 45 46 -47 -48 -49 -50
uf50-0441 nnn logn infinity n 18.101840143000004 22546 1 -2 -3 4 -5 -6 7 8 9 -10 11 -12 13 14 15 -16 17 18 19 -20 21 22 23 24 25 26 -27 28 29 -30 31 -32 -33 -34 35 -36 37 -38 39 -40 41 -42 43 44 45 46 47 -48 -49 50
uf50-0452 n logn infinity n 0.008774381000023368 0 -1 -2 3 4 5 6 7 -8 9 -10 -11 -12 -13 -14 -15 16 -17 18 -19 -20 -21 22 23 24 25 26 27 28 -29 30 -31 -32 -33 34 -35 -36 -37 -38 -39 40 -41 42 43 -44 -45 46 47 -48 49 -50
uf50-0452 nlogn logn infinity n 0.04788032499999417 0 -1 -2 3 4 -5 6 7 -8 -9 -10 -11 12 -13 -14 -15 16 -17 -18 19 -20 21 -22 23 -24 -25 26 27 28 -29 30 -31 32 -33 34 -35 -36 -37 -38 -39 -40 -41 42 -43 -44 -45 -46 47 -48 49 -50
uf50-0452 nn logn infinity n 0.39742139700001644 23012 -1 2 3 -4 5 6 7 8 9 10 -11 12 -13 14 15 16 -17 -18 19 20 21 -22 23 -24 25 26 27 -28 29 30 -31 32 33 34 35 36 -37 -38 -39 40 41 42 -43 -44 45 -46 -47 48 -49 -50
uf50-0452 nnn logn infinity n 18.03294332500002 25381 -1 2 3 4 -5 6 7 8 9 10 -11 12 -13 14 15 16 17 -18 19 20 21 -22 23 -24 25 26 27 28 29 30 -31 32 33 34 -35 36 -37 -38 -39 -40 41 42 43 -44 45 -46 47 48 -49 50
uf50-0470 n logn infinity n 0.007485041999984787 0 -1 2 3 4 -5 -6 -7 8 9 10 11 -12 13 -14 -15 -16 17 18 -19 -20 -21 22 23 -24 25 -26 -27 28 29 30 31 32 -33 -34 35 36 -37 38 39 40 -41 -42 -43 -44 -45 -46 47 48 -49 50
uf50-0470 nlogn logn infinity n 0.04073005499998317 0 -1 2 3 4 -5 -6 -7 -8 9 -10 11 -12 -13 -14 -15 -16 17 18 -19 -20 -21 22 23 -24 25 -26 -27 28 29 30 -31 32 -33 34 35 36 -37 38 39 40 -41 -42 -43 -44 -45 -46 47 -48 -49 -50
uf50-0470 nn logn infinity n 0.35618173299997125 22977 -1 -2 -3 -4 5 6 -7 8 9 10 11 12 -13 -14 -15 -16 17 18 19 -20 21 22 -23 -24 25 -26 27 -28 29 30 -31 32 -33 34 -35 36 -37 38 39 40 -41 -42 -43 44 45 46 47 48 49 50
uf50-0470 nnn logn infinity n 18.28866912199993 23458 -1 -2 -3 -4 5 6 -7 8 9 10 11 12 -13 -14 -15 -16 17 18 19 -20 21 22 -23 -24 25 -26 27 -28 29 30 -31 32 -33 34 -35 36 -37 38 39 40 41 -42 43 44 -45 46 47 48 49 50
uf50-0485 n logn infinity n 0.007356858999969518 0 1 -2 3 4 5 6 -7 -8 -9 -10 11 -12 13 -14 -15 -16 17 -18 19 20 21 -22 -23 -24 25 -26 27 28 29 30 31 -32 33 -34 -35 36 -37 -38 39 -40 -41 42 -43 -44 -45 -46 47 -48 49 -50
uf50-0485 nlogn logn infinity n 0.041322151000031226 0 1 -2 -3 4 5 -6 -7 -8 -9 10 11 -12 13 14 -15 -16 -17 18 19 20 21 22 23 -24 25 -26 -27 28 29 30 31 -32 33 -34 -35 36 -37 38 39 40 41 42 -43 -44 -45 -46 47 -48 -49 -50
uf50-0485 nn logn infinity n 0.3608567950000179 22436 1 -2 -3 4 5 -6 -7 8 -9 -10 11 12 13 14 -15 -16 17 18 19 20 -21 22 23 24 25 -26 -27 28 29 30 31 32 33 -34 -35 36 -37 38 39 40 41 -42 -43 44 45 -46 47 -48 -49 -50
uf50-0485 nnn logn infinity n 17.960277785000017 22478 -1 -2 -3 4 5 -6 -7 8 -9 -10 11 -12 13 14 -15 -16 17 18 19 20 -21 22 23 24 25 -26 -27 28 29 30 31 32 -33 -34 35 36 -37 38 39 40 41 42 -43 44 45 -46 47 -48 -49 -50
uf50-0613 n logn infinity n 0.008497413999975834 0 -1 -2 -3 -4 5 6 -7 8 9 -10 11 12 -13 14 -15 -16 17 -18 -19 20 -21 -22 -23 24 -25 26 -27 28 29 30 -31 -32 -33 -34 -35 -36 -37 38 39 40 41 -42 -43 44 -45 46 -47 48 -49 50
uf50-0613 nlogn logn infinity n 0.04143271400005233 0 -1 -2 -3 4 5 6 -7 8 9 -10 11 -12 -13 14 15 -16 17 -18 -19 20 21 -22 23 24 25 26 -27 28 29 30 31 -32 -33 -34 -35 -36 37 38 39 -40 -41 42 -43 44 -45 46 47 48 -49 -50
uf50-0613 nn logn infinity n 0.35046565599998303 32204 -1 -2 3 4 -5 6 -7 8 9 -10 11 12 -13 14 15 -16 17 -18 -19 20 21 22 -23 24 25 26 27 28 29 -30 31 -32 -33 34 -35 -36 37 -38 39 -40 -41 -42 43 44 45 46 47 -48 -49 50
uf50-0613 nnn logn infinity n 18.030984577000027 34595 -1 -2 3 4 -5 6 -7 8 9 10 11 12 -13 14 15 -16 17 18 19 20 21 22 -23 -24 25 26 27 28 29 30 31 -32 -33 34 -35 -36 37 -38 39 -40 -41 -42 43 44 45 46 47 48 49 50
uf50-0620 n logn infinity n 0.007522461000007752 0 1 2 3 4 -5 6 -7 8 -9 -10 11 12 -13 14 -15 -16 17 18 -19 20 -21 22 -23 24 25 26 -27 28 -29 30 -31 32 33 34 35 -36 37 -38 -39 -40 -41 -42 43 44 45 -46 -47 48 -49 -50
uf50-0620 nlogn logn infinity n 0.04090206900002613 0 1 2 3 -4 -5 6 -7 8 -9 -10 11 12 -13 14 15 -16 17 -18 -19 -20 21 22 23 24 25 26 27 28 -29 30 31 32 33 -34 35 36 37 38 -39 40 -41 -42 43 44 45 46 -47 48 -49 -50
uf50-0620 nn logn infinity n 0.3626995749999651 34357 1 2 3 4 5 6 -7 -8 -9 -10 11 12 -13 14 15 -16 -17 18 -19 20 21 -22 23 24 25 26 27 -28 29 30 31 -32 33 34 35 36 37 38 -39 40 -41 42 -43 44 -45 46 47 48 -49 -50
uf50-0620 nnn logn infinity n 17.961205154000027 35091 1 2 3 4 5 6 -7 8 -9 -10 11 12 -13 14 -15 -16 -17 18 -19 20 21 -22 23 24 25 26 27 -28 29 30 31 -32 33 34 35 36 37 38 -39 40 41 42 -43 44 -45 46 47 48 -49 -50
uf50-0642 n logn infinity n 0.007450602000062645 0 1 2 3 4 5 -6 7 -8 -9 -10 -11 -12 -13 14 15 -16 17 18 -19 20 21 -22 23 -24 -25 -26 -27 28 29 30 31 32 -33 34 35 36 -37 -38 -39 -40 -41 -42 -43 -44 -45 -46 47 -48 -49 50
uf50-0642 nlogn logn infinity n 0.040535704000035366 0 -1 2 3 4 5 6 -7 -8 9 -10 -11 -12 -13 14 -15 -16 17 18 19 20 21 -22 -23 -24 -25 -26 -27 28 29 30 -31 -32 -33 -34 -35 -36 37 -38 39 40 41 42 -43 44 45 -46 47 -48 49 50
uf50-0642 nn logn infinity n 0.35640326600002936 32300 -1 2 3 -4 5 6 -7 -8 9 -10 11 -12 13 14 15 -16 17 18 19 20 21 22 -23 24 -25 -26 27 28 29 30 31 -32 33 34 35 36 37 -38 39 40 -41 -42 -43 -44 45 -46 47 -48 49 -50
uf50-0642 nnn logn infinity n 17.93420662699998 34166 -1 2 3 4 5 6 -7 -8 9 -10 11 12 13 14 15 -16 17 18 19 20 21 22 -23 24 -25 -26 27 28 29 30 31 -32 33 34 35 36 37 -38 39 40 -41 42 -43 -44 45 -46 47 -48 49 -50
uf50-0655 n logn infinity n 0.007313559000067471 0 -1 -2 -3 -4 -5 -6 7 -8 9 10 11 -12 -13 14 15 16 17 -18 -19 -20 -21 -22 23 -24 25 -26 27 -28 -29 30 -31 32 -33 -34 35 -36 -37 -38 -39 40 41 42 -43 44 -45 -46 -47 -48 49 -50
uf50-0655 nlogn logn infinity n 0.04080592800005434 0 -1 -2 -3 -4 -5 6 7 -8 9 10 11 12 -13 14 15 16 -17 -18 -19 -20 -21 22 23 -24 -25 -26 -27 -28 -29 -30 -31 32 33 -34 35 36 -37 -38 -39 40 41 42 43 44 -45 -46 -47 -48 49 -50
uf50-0655 nn logn infinity n 0.35790986500001054 31709 -1 2 3 -4 -5 6 7 8 -9 -10 11 12 13 14 15 16 17 -18 -19 -20 21 22 23 24 -25 -26 27 -28 -29 30 31 32 33 -34 35 36 37 38 -39 40 41 -42 43 44 -45 -46 -47 -48 -49 50
uf50-0655 nnn logn infinity n 17.832113276000086 34169 -1 -2 -3 -4 5 6 7 8 9 10 11 12 13 14 15 16 17 -18 -19 -20 21 22 23 24 -25 -26 27 28 -29 30 31 32 33 -34 35 36 37 38 39 40 41 42 -43 44 45 -46 -47 48 49 -50
uf50-0665 n logn infinity n 0.007520047999946655 0 -1 2 -3 -4 5 6 7 8 9 10 11 12 -13 14 15 -16 17 18 -19 20 21 22 23 24 -25 26 27 28 29 -30 -31 -32 33 -34 -35 -36 37 38 39 40 41 42 43 44 45 46 47 48 49 -50
uf50-0665 nlogn logn infinity n 0.04083322600001793 0 -1 2 -3 -4 -5 6 7 8 9 10 11 12 -13 -14 -15 -16 17 -18 -19 20 21 22 23 -24 25 26 27 28 29 -30 -31 -32 33 -34 -35 -36 -37 38 -39 40 41 42 43 44 45 46 47 48 -49 -50
uf50-0665 nn logn infinity n 0.35830353899996226 31212 -1 -2 -3 -4 5 -6 7 -8 -9 10 11 12 13 14 15 16 17 18 19 20 21 -22 -23 24 -25 26 -27 28 29 -30 -31 -32 33 -34 35 -36 -37 38 -39 -40 41 42 -43 44 45 46 -47 48 49 50
uf50-0665 nnn logn infinity n 18.097592580999958 35596 -1 -2 -3 -4 5 6 7 8 -9 10 11 12 13 14 15 -16 17 18 19 20 21 -22 -23 24 25 26 -27 28 29 -30 31 32 33 34 -35 -36 37 38 -39 -40 41 -42 -43 44 45 46 47 48 49 50
uf50-0672 n logn infinity n 0.00778092200005176 0 -1 -2 3 -4 -5 -6 7 -8 -9 -10 -11 -12 13 14 -15 16 -17 18 19 20 21 22 23 24 25 -26 -27 28 29 30 31 32 33 -34 -35 36 -37 -38 -39 40 41 -42 43 44 45 -46 47 48 49 -50
uf50-0672 nlogn logn infinity n 0.042095741000025555 0 1 -2 -3 4 5 -6 7 -8 9 -10 -11 -12 13 -14 -15 -16 17 18 19 -20 21 22 23 24 -25 -26 -27 28 29 30 31 32 33 -34 -35 36 -37 -38 -39 -40 41 42 43 44 45 46 47 48 49 -50
uf50-0672 nn logn infinity n 0.36398697000004177 41469 1 2 3 4 5 6 7 -8 9 -10 11 12 13 14 15 -16 17 18 -19 -20 21 22 23 24 -25 26 27 28 29 30 -31 32 33 34 35 -36 -37 -38 39 -40 41 42 -43 44 45 46 -47 48 49 50
uf50-0672 nnn logn infinity n 18.32439634800005 42614 1 2 3 4 5 6 7 -8 9 -10 11 12 13 14 15 -16 17 18 -19 -20 21 22 23 24 -25 26 27 28 29 30 -31 32 33 34 35 36 -37 -38 -39 -40 41 42 43 44 45 46 47 48 49 50
uf50-0768 n logn infinity n 0.007596212000066771 0 1 -2 3 4 -5 -6 -7 8 -9 -10 11 12 13 -14 15 -16 17 -18 19 -20 21 -22 -23 -24 25 26 -27 28 -29 30 -31 32 -33 34 -35 36 -37 -38 -39 -40 41 -42 -43 44 -45 -46 47 -48 49 50
uf50-0768 nlogn logn infinity n 0.05211832400004823 0 -1 2 -3 4 -5 6 7 -8 9 -10 11 12 -13 -14 15 -16 17 -18 19 -20 21 22 -23 -24 -25 26 -27 28 -29 -30 -31 -32 -33 34 -35 36 37 -38 39 40 -41 42 43 -44 45 -46 47 48 -49 -50
uf50-0768 nn logn infinity n 0.38209053599996423 23519 1 2 -3 4 -5 6 7 -8 9 10 -11 -12 -13 -14 -15 -16 17 -18 19 -20 -21 22 23 -24 -25 -26 27 -28 -29 30 -31 -32 -33 -34 -35 36 37 38 -39 -40 41 42 43 -44 45 -46 47 48 -49 50
uf50-0768 nnn logn infinity n 18.12495290800007 26210 -1 2 -3 4 -5 6 7 -8 9 10 -11 -12 13 -14 -15 -16 17 -18 19 -20 21 22 23 -24 -25 -26 27 28 -29 30 31 -32 -33 34 -35 36 37 38 -39 -40 41 42 43 -44 45 -46 47 48 -49 50
uf50-0821 n logn infinity n 0.007470741000020098 0 -1 -2 3 4 -5 6 -7 8 -9 -10 -11 12 -13 14 15 16 -17 -18 -19 -20 21 -22 23 24 -25 26 27 28 29 -30 -31 -32 33 34 -35 -36 -37 -38 -39 40 -41 -42 -43 44 45 -46 -47 -48 -49 -50
uf50-0821 nlogn logn infinity n 0.04103115800000978 0 -1 -2 -3 4 -5 -6 7 8 9 10 -11 -12 -13 14 -15 16 -17 -18 -19 20 21 -22 23 24 -25 26 27 28 -29 -30 -31 -32 33 34 35 36 -37 38 39 -40 -41 42 43 44 -45 46 47 -48 49 -50
uf50-0821 nn logn infinity n 0.35670413000002554 12730 -1 -2 -3 4 -5 -6 7 8 9 -10 11 -12 13 14 -15 16 -17 -18 19 20 -21 -22 23 24 25 -26 27 28 -29 -30 -31 -32 33 -34 -35 36 -37 38 39 40 41 42 43 44 45 -46 47 48 49 50
uf50-0821 nnn logn infinity n 17.635737307 13513 -1 -2 -3 4 -5 6 7 8 9 -10 -11 -12 13 14 -15 16 -17 -18 19 20 -21 -22 23 24 25 26 27 28 29 -30 -31 -32 33 -34 35 36 -37 38 39 40 41 42 43 44 45 -46 47 48 49 50
uf50-0832 n logn infinity n 0.007530956000096012 0 1 -2 -3 4 5 -6 -7 -8 9 10 11 -12 13 14 15 16 -17 18 19 -20 21 22 -23 -24 25 -26 -27 28 -29 -30 31 -32 -33 34 35 -36 -37 -38 39 -40 41 -42 -43 44 45 46 -47 -48 49 -50
uf50-0832 nlogn logn infinity n 0.041447969000046214 0 1 -2 -3 4 5 -6 -7 -8 9 10 -11 -12 13 14 15 16 17 18 19 20 21 22 -23 24 25 -26 -27 28 -29 -30 31 -32 -33 34 35 36 -37 -38 39 -40 -41 42 -43 44 45 -46 -47 48 49 -50
uf50-0832 nn logn infinity n 0.36298006300000907 11405 -1 -2 3 -4 5 6 -7 8 -9 -10 -11 12 13 14 -15 16 17 18 19 -20 -21 -22 -23 -24 25 -26 27 28 29 -30 31 -32 33 -34 35 36 37 -38 39 40 -41 -42 -43 -44 45 -46 -47 48 -49 -50
uf50-0832 nnn logn infinity n 17.993028588000016 14677 -1 -2 3 4 5 6 -7 8 9 10 -11 12 13 -14 15 16 17 18 19 20 -21 -22 -23 24 25 -26 27 28 29 30 31 -32 33 -34 35 36 37 -38 39 -40 -41 -42 43 44 45 46 47 48 49 50
uf50-0863 n logn infinity n 0.007388552999941567 0 1 -2 3 -4 5 6 7 -8 9 -10 11 -12 13 14 15 16 -17 -18 19 20 -21 -22 -23 -24 25 26 -27 -28 -29 30 31 32 -33 34 -35 36 -37 -38 39 40 41 -42 -43 44 -45 -46 -47 -48 49 50
uf50-0863 nlogn logn infinity n 0.04035501900000327 0 1 -2 3 -4 5 -6 7 -8 9 -10 11 12 13 -14 15 -16 -17 18 19 20 -21 22 -23 -24 25 26 -27 28 29 30 31 32 33 -34 -35 -36 -37 38 39 40 41 42 -43 44 -45 -46 47 48 -49 50
uf50-0863 nn logn infinity n 0.349731735999967 11090 1 -2 -3 -4 5 -6 7 -8 9 10 11 -12 13 -14 15 -16 -17 18 19 -20 -21 22 -23 -24 25 26 27 -28 29 -30 -31 32 33 34 35 36 37 38 39 40 -41 -42 -43 44 -45 -46 47 48 -49 -50
uf50-0863 nnn logn infinity n 17.524526981000008 11678 1 -2 -3 -4 5 -6 7 8 9 10 11 12 13 14 15 16 -17 18 19 -20 -21 22 -23 -24 25 26 27 -28 29 30 -31 32 33 -34 35 36 37 38 39 40 -41 -42 -43 -44 -45 -46 47 48 -49 -50
uf50-0879 n logn infinity n 0.0073900469999443885 0 -1 -2 -3 4 -5 6 7 -8 9 10 11 -12 -13 14 -15 -16 17 18 19 20 -21 -22 -23 -24 -25 -26 -27 28 -29 -30 31 -32 -33 -34 35 -36 -37 -38 39 40 -41 42 43 -44 -45 -46 47 -48 -49 -50
uf50-0879 nlogn logn infinity n 0.039917655999943236 0 -1 -2 -3 4 -5 6 -7 -8 -9 10 -11 -12 -13 14 -15 -16 17 18 -19 20 -21 -22 -23 24 -25 -26 -27 28 -29 -30 31 -32 -33 34 35 -36 -37 -38 39 -40 -41 42 43 -44 -45 -46 47 48 -49 -50
uf50-0879 nn logn infinity n 0.35961372700000993 14395 1 2 -3 -4 5 6 -7 8 9 10 -11 12 -13 14 -15 16 17 18 19 20 21 -22 -23 24 25 26 -27 28 29 -30 31 -32 -33 34 35 -36 37 -38 -39 40 41 -42 43 -44 -45 46 47 48 49 50
uf50-0879 nnn logn infinity n 17.928982046999977 14666 -1 2 -3 -4 5 6 -7 8 9 10 -11 12 -13 14 -15 16 17 18 19 20 21 -22 23 24 25 26 -27 28 29 -30 31 -32 33 34 35 -36 37 -38 -39 40 41 -42 43 44 -45 46 47 48 49 50
uf50-0882 n logn infinity n 0.007628552000028321 0 -1 2 -3 4 -5 -6 7 -8 9 10 -11 12 13 14 -15 16 17 -18 -19 20 21 -22 23 -24 25 -26 27 -28 -29 -30 -31 32 -33 34 35 -36 -37 38 39 40 -41 -42 -43 -44 45 -46 47 48 -49 -50
uf50-0882 nlogn logn infinity n 0.04176460100006807 13550 -1 2 -3 4 -5 -6 7 -8 9 10 -11 12 13 14 -15 -16 17 -18 -19 20 21 22 23 24 25 -26 -27 -28 -29 -30 -31 -32 -33 34 -35 -36 -37 38 39 40 -41 42 43 44 45 46 47 48 -49 50
uf50-0882 nn logn infinity n 0.36566553099999055 16849 -1 2 -3 4 -5 -6 7 -8 9 10 11 -12 13 14 15 16 17 18 19 20 21 22 23 24 25 -26 27 28 -29 30 -31 32 33 34 -35 36 37 38 39 40 -41 -42 43 44 45 46 -47 48 49 50
uf50-0882 nnn logn infinity n 18.691710617000012 17476 -1 2 -3 4 -5 -6 7 -8 9 10 11 -12 13 14 15 16 17 18 19 20 21 22 23 24 25 26 27 28 -29 30 -31 -32 33 34 -35 36 37 38 39 40 -41 42 43 44 45 46 47 48 49 50
uf50-0897 n logn infinity n 0.007844835000014427 0 1 2 3 4 5 -6 -7 8 9 10 -11 -12 13 -14 -15 -16 -17 18 -19 20 21 22 23 -24 25 26 -27 -28 -29 30 31 -32 33 34 -35 36 37 -38 -39 40 41 42 43 -44 -45 -46 -47 -48 49 50
uf50-0897 nlogn logn infinity n 0.042396545999963564 0 1 2 3 4 5 6 -7 8 9 10 -11 -12 -13 14 -15 -16 17 18 -19 20 21 22 23 -24 -25 26 -27 28 -29 30 31 32 33 34 -35 36 37 -38 -39 40 41 -42 43 -44 -45 46 -47 -48 -49 50
uf50-0897 nn logn infinity n 0.37149819699993714 14469 -1 2 3 -4 5 6 -7 -8 9 10 -11 -12 -13 14 15 -16 -17 18 19 20 21 -22 23 24 -25 26 -27 28 29 30 -31 32 -33 34 -35 36 37 38 39 40 41 42 -43 44 45 46 -47 48 49 50
uf50-0897 nnn logn infinity n 18.393445832999987 14885 -1 2 3 -4 5 6 -7 -8 9 10 -11 -12 -13 14 15 16 -17 18 19 20 21 -22 23 24 25 26 -27 28 29 30 -31 32 -33 34 -35 36 37 38 39 40 41 -42 -43 44 45 46 47 48 49 50
uf50-0920 n logn infinity n 0.007709650000037982 0 1 -2 -3 -4 5 -6 -7 -8 -9 -10 11 -12 13 14 -15 16 17 -18 -19 20 21 -22 23 24 25 26 27 -28 -29 30 -31 -32 -33 34 35 -36 -37 -38 39 40 41 -42 -43 -44 -45 46 -47 48 -49 50
uf50-0920 nlogn logn infinity n 0.041649383000049056 0 -1 2 -3 -4 5 -6 -7 -8 -9 -10 11 -12 13 14 -15 16 -17 -18 -19 20 21 -22 23 24 25 26 27 -28 29 -30 -31 -32 -33 34 -35 -36 37 -38 -39 40 -41 -42 43 44 -45 46 -47 48 49 50
uf50-0920 nn logn infinity n 0.36125211399996715 16312 1 2 -3 -4 5 -6 7 8 -9 -10 -11 12 13 14 -15 16 17 -18 -19 20 21 22 -23 24 25 26 27 28 29 30 -31 -32 -33 34 35 36 37 38 39 40 -41 42 43 44 -45 46 47 48 49 50
uf50-0920 nnn logn infinity n 17.89401237200002 17058 1 2 -3 -4 5 -6 7 8 -9 -10 -11 12 13 14 -15 16 17 -18 -19 20 21 22 23 24 25 26 27 28 29 30 31 32 -33 34 35 36 37 38 -39 40 -41 42 43 44 -45 46 47 48 49 50
uf50-0954 n logn infinity n 0.00805860599996322 0 -1 -2 3 -4 5 -6 -7 8 -9 -10 11 12 13 14 15 16 17 -18 19 -20 21 22 23 -24 -25 -26 27 -28 -29 30 -31 -32 -33 34 35 -36 -37 -38 39 40 -41 42 -43 -44 -45 46 -47 48 49 50
uf50-0954 nlogn logn infinity n 0.04586754599995402 0 -1 -2 -3 4 -5 -6 -7 8 -9 -10 -11 12 13 14 15 16 -17 -18 -19 -20 21 22 23 -24 25 26 27 -28 29 30 -31 -32 33 34 35 -36 -37 -38 39 -40 -41 -42 -43 44 -45 -46 -47 48 49 50
uf50-0954 nn logn infinity n 0.40865503800000624 13515 -1 2 -3 4 -5 -6 7 8 9 10 11 -12 -13 14 15 16 17 -18 -19 20 -21 22 -23 24 25 26 27 -28 29 30 31 32 33 34 -35 36 -37 -38 39 40 -41 -42 -43 44 45 46 -47 48 49 50
uf50-0954 nnn logn infinity n 18.169379302999914 13602 -1 2 -3 4 -5 -6 7 8 9 10 11 -12 -13 14 15 16 17 -18 -19 20 -21 22 -23 24 25 26 27 28 29 30 31 32 33 34 -35 36 37 -38 39 40 -41 -42 -43 44 45 -46 -47 48 49 50
uf50-0957 n logn infinity n 0.00711857900000723 0 1 2 3 4 -5 6 -7 8 -9 10 -11 12 -13 -14 15 -16 -17 -18 19 20 -21 22 23 24 -25 -26 -27 28 29 -30 31 32 33 -34 -35 36 -37 38 -39 -40 -41 -42 43 44 -45 46 -47 48 49 -50
uf50-0957 nlogn logn infinity n 0.03956710499994642 0 1 -2 3 4 5 6 7 -8 -9 -10 -11 -12 -13 -14 -15 -16 -17 -18 19 20 -21 22 23 24 -25 -26 27 28 29 -30 31 32 -33 -34 35 -36 -37 38 -39 40 -41 -42 43 -44 45 -46 47 -48 49 -50
uf50-0957 nn logn infinity n 0.34737325599996893 12729 -1 -2 3 -4 5 6 -7 8 -9 10 11 12 -13 -14 -15 -16 17 18 -19 -20 21 22 23 -24 -25 -26 27 28 -29 -30 31 32 33 -34 35 36 37 38 39 40 41 -42 43 -44 -45 -46 47 -48 49 50
uf50-0957 nnn logn infinity n 17.58885442999997 13779 -1 -2 3 -4 5 6 7 8 -9 10 11 12 -13 -14 -15 -16 17 18 -19 20 21 22 23 24 25 -26 27 28 -29 -30 31 32 -33 -34 35 36 37 38 39 -40 41 42 43 -44 45 -46 47 -48 49 50
uf50-0987 n logn infinity n 0.00710077500002626 0 1 2 -3 -4 5 6 7 -8 -9 -10 11 -12 -13 14 15 -16 -17 -18 19 20 21 -22 -23 -24 -25 -26 -27 28 -29 30 31 32 -33 -34 35 36 37 -38 -39 40 -41 42 43 -44 -45 46 -47 -48 -49 -50
uf50-0987 nlogn logn infinity n 0.03905887400003394 0 1 -2 -3 -4 5 -6 7 8 9 -10 11 -12 13 14 15 -16 -17 -18 19 20 -21 -22 23 24 -25 26 -27 -28 -29 -30 31 32 -33 -34 35 36 -37 -38 -39 40 -41 42 -43 44 -45 46 -47 -48 -49 50
uf50-0987 nn logn infinity n 0.34805996199997935 12996 -1 2 -3 4 -5 6 -7 8 9 -10 -11 -12 13 14 15 -16 -17 -18 19 -20 21 -22 23 24 25 26 27 -28 29 30 31 32 -33 -34 35 36 -37 38 -39 40 -41 -42 43 -44 45 46 47 48 49 50
uf50-0987 nnn logn infinity n 17.62957005499993 13498 -1 2 -3 4 -5 6 -7 8 9 -10 -11 -12 13 14 15 -16 17 -18 19 -20 21 22 23 24 25 26 27 -28 29 30 31 32 -33 -34 35 36 -37 38 -39 40 -41 -42 43 -44 45 46 47 48 49 50
