uf50-012 n logn infinity n 0.00718880199974592 0 1 2 -3 4 -5 -6 -7 8 9 -10 11 12 -13 -14 15 -16 17 -18 -19 20 -21 -22 -23 24 25 -26 -27 -28 -29 30 -31 32 33 -34 -35 -36 -37 38 39 40 -41 -42 -43 44 45 -46 -47 -48 -49 -50
uf50-012 nlogn logn infinity n 0.03973457199981567 0 1 2 -3 4 -5 -6 -7 -8 9 -10 11 12 13 -14 -15 -16 17 -18 19 -20 -21 -22 -23 24 -25 -26 -27 -28 -29 -30 -31 32 33 34 -35 -36 -37 38 39 40 -41 -42 -43 -44 45 46 -47 -48 -49 50
uf50-012 nn logn infinity n 0.35618752899972606 51695 1 2 3 4 5 -6 -7 -8 9 -10 -11 -12 13 -14 15 16 17 -18 -19 -20 21 22 23 24 -25 26 -27 -28 29 30 31 32 33 34 35 -36 37 38 -39 40 -41 42 -43 -44 45 46 47 48 49 50
uf50-012 nnn logn infinity n 17.851927601999705 63604 1 2 3 4 5 -6 -7 -8 9 -10 11 12 -13 -14 -15 -16 17 -18 19 20 21 22 -23 24 -25 26 -27 -28 29 30 31 32 33 34 35 -36 37 38 39 40 -41 42 -43 -44 45 46 47 48 -49 50
uf50-0123 n logn infinity n 0.007715321999967273 0 1 2 -3 4 5 6 -7 8 -9 -10 11 12 -13 -14 15 -16 -17 18 19 20 21 22 23 -24 25 26 -27 28 29 -30 31 32 33 34 35 -36 37 38 -39 -40 41 -42 -43 44 45 46 -47 48 49 -50
uf50-0123 nlogn logn infinity n 0.04108599099981802 0 1 2 -3 -4 5 -6 -7 8 9 10 11 -12 13 -14 15 -16 -17 18 -19 -20 21 22 -23 24 -25 26 -27 28 29 -30 -31 32 33 34 35 36 -37 38 -39 40 41 -42 -43 -44 45 46 -47 48 -49 -50
uf50-0123 nn logn infinity n 0.35471789599978365 55013 1 2 -3 4 5 -6 -7 8 9 10 11 -12 13 14 15 -16 -17 -18 -19 -20 21 22 -23 24 -25 26 -27 28 29 -30 -31 32 -33 34 -35 -36 37 38 -39 -40 41 -42 43 -44 45 46 -47 48 -49 50
uf50-0123 nnn logn infinity n 18.08010360499975 89938 1 2 3 -4 -5 -6 -7 -8 -9 10 11 -12 13 -14 15 16 17 -18 19 20 21 22 -23 24 -25 26 -27 28 -29 30 -31 32 -33 34 35 36 37 -38 39 -40 41 -42 -43 44 45 46 -47 48 49 -50
uf50-0133 n logn infinity n 0.007234475000132079 0 -1 2 3 4 5 -6 7 8 -9 10 11 -12 13 14 15 -16 17 -18 19 20 -21 -22 23 24 25 -26 27 28 -29 -30 -31 -32 33 -34 -35 36 -37 -38 -39 40 -41 42 -43 44 45 -46 -47 48 -49 -50
uf50-0133 nlogn logn infinity n 0.04201294800031974 0 -1 2 3 -4 5 6 7 -8 -9 10 11 -12 13 14 15 -16 -17 18 19 20 21 -22 -23 24 25 -26 27 -28 -29 -30 -31 -32 -33 -34 -35 36 -37 -38 -39 40 -41 42 -43 44 45 -46 -47 48 -49 50
uf50-0133 nn logn infinity n 0.3609243500000048 0 -1 2 3 -4 5 6 7 8 -9 10 11 -12 -13 14 -15 -16 -17 -18 19 20 21 -22 23 24 -25 -26 27 -28 -29 -30 -31 -32 -33 -34 -35 -36 -37 -38 39 -40 -41 42 -43 44 45 -46 -47 48 49 50
uf50-0133 nnn logn infinity n 18.28442264200021 62048 -1 -2 -3 4 5 -6 7 8 9 -10 11 12 13 -14 -15 16 -17 -18 -19 20 21 22 23 -24 -25 26 -27 28 29 30 31 32 -33 -34 -35 -36 37 -38 39 -40 41 42 43 44 45 46 -47 48 -49 50
uf50-0139 n logn infinity n 0.008209481999983836 0 1 -2 -3 -4 -5 -6 -7 8 9 10 -11 -12 13 14 -15 -16 -17 18 -19 -20 -21 -22 23 24 -25 26 27 -28 29 30 31 32 33 -34 35 36 37 -38 -39 40 41 42 -43 -44 -45 46 47 -48 49 50
uf50-0139 nlogn logn infinity n 0.04360869800029832 0 -1 -2 -3 4 -5 -6 -7 8 9 10 -11 -12 13 14 -15 -16 -17 18 -19 20 -21 -22 23 -24 -25 26 27 -28 29 30 31 32 33 34 -35 -36 37 -38 39 40 41 -42 -43 -44 -45 46 47 48 -49 50
uf50-0139 nn logn infinity n 0.3612905429999955 53177 -1 -2 3 4 -5 6 7 8 9 10 -11 -12 13 14 15 -16 -17 18 -19 20 -21 22 23 24 -25 26 27 28 -29 30 31 32 33 34 35 -36 37 -38 -39 -40 41 42 43 44 -45 46 47 -48 49 50
uf50-0139 nnn logn infinity n 19.148129079000228 69069 -1 -2 3 4 -5 6 7 8 9 10 -11 12 13 14 15 -16 -17 18 -19 20 -21 22 23 24 -25 26 27 28 -29 30 31 32 33 34 35 36 37 -38 39 -40 41 42 43 44 45 46 47 48 49 50
uf50-024 n logn infinity n 0.009421897999800422 0 1 2 3 4 -5 -6 7 8 -9 -10 -11 12 13 -14 15 16 17 -18 19 20 -21 -22 -23 24 25 -26 27 -28 -29 30 -31 32 -33 34 -35 -36 -37 38 -39 -40 41 -42 -43 -44 -45 46 47 48 -49 50
uf50-024 nlogn logn infinity n 0.04504780499974004 0 -1 2 3 4 5 -6 7 8 -9 10 -11 12 13 -14 -15 -16 17 -18 -19 20 21 22 -23 -24 25 -26 27 -28 29 30 -31 32 -33 34 -35 36 -37 38 -39 -40 41 -42 -43 -44 -45 46 47 -48 -49 50
uf50-024 nn logn infinity n 0.3570962259996122 101740 1 2 3 -4 5 -6 -7 8 -9 10 11 12 13 -14 15 -16 17 18 -19 20 21 22 -23 24 25 26 27 28 -29 30 31 32 33 34 -35 -36 -37 38 -39 -40 -41 42 43 -44 45 46 47 -48 49 50
uf50-024 nnn logn infinity n 18.49736796499974 124894 -1 2 3 4 5 -6 7 8 -9 10 11 -12 13 14 -15 16 17 18 -19 20 21 22 -23 -24 25 -26 27 28 -29 -30 -31 32 33 34 -35 36 -37 38 -39 40 41 -42 43 44 45 46 47 -48 49 -50
uf50-0241 n logn infinity n 0.0074917800002367585 0 -1 2 3 -4 -5 -6 7 -8 9 10 11 12 -13 14 -15 16 -17 -18 -19 20 21 -22 -23 -24 -25 26 27 28 29 -30 31 32 33 -34 35 -36 -37 38 39 40 -41 42 43 44 -45 46 47 48 49 -50
uf50-0241 nlogn logn infinity n 0.04093247200034966 0 1 2 3 4 -5 -6 -7 -8 9 -10 -11 12 -13 14 15 16 17 18 19 -20 21 22 -23 -24 25 26 27 28 29 30 -31 32 33 -34 35 -36 -37 38 39 40 -41 -42 43 44 -45 46 47 48 49 -50
uf50-0241 nn logn infinity n 0.3542530100003205 102342 1 2 3 4 -5 -6 -7 8 -9 10 11 12 13 14 15 16 17 18 -19 -20 -21 -22 -23 -24 25 26 27 28 29 30 -31 32 33 34 35 -36 37 38 39 -40 41 -42 43 44 -45 46 47 48 49 -50
uf50-0241 nnn logn infinity n 18.122228606000135 108464 -1 2 -3 4 5 -6 -7 -8 9 10 -11 12 -13 14 15 -16 17 18 19 -20 -21 22 -23 -24 25 -26 27 28 29 30 -31 32 -33 34 35 36 -37 38 -39 -40 -41 -42 43 44 -45 46 47 48 49 50
uf50-0274 n logn infinity n 0.007330138000270381 0 1 -2 -3 -4 5 -6 -7 8 -9 10 -11 12 -13 -14 15 -16 17 -18 19 20 -21 -22 23 24 -25 -26 27 28 29 30 -31 32 -33 -34 35 36 -37 38 -39 40 -41 -42 43 -44 45 -46 47 48 49 50
uf50-0274 nlogn logn infinity n 0.04149548700024752 0 1 -2 -3 -4 -5 -6 -7 8 -9 10 -11 12 -13 14 15 -16 -17 -18 -19 -20 -21 -22 23 24 25 26 27 28 -29 30 -31 32 33 -34 -35 36 37 38 -39 40 -41 -42 43 44 45 46 -47 48 49 50
uf50-0274 nn logn infinity n 0.3570887600003516 84698 -1 -2 -3 -4 5 6 -7 8 -9 10 -11 -12 -13 14 -15 16 17 18 19 -20 -21 -22 -23 24 25 26 27 28 -29 30 -31 32 33 -34 35 36 37 38 -39 40 41 -42 43 -44 45 46 -47 48 49 50
uf50-0274 nnn logn infinity n 17.849169295000138 127235 -1 -2 -3 -4 5 6 7 -8 9 -10 -11 -12 -13 14 -15 16 17 18 19 -20 21 -22 -23 24 25 26 -27 28 -29 30 -31 32 33 34 35 36 37 38 39 40 41 -42 43 -44 45 46 47 48 -49 -50
uf50-036 n logn infinity n 0.00717940999993516 0 -1 2 3 -4 5 -6 -7 8 9 10 -11 -12 13 14 -15 16 -17 18 -19 -20 -21 -22 -23 -24 25 26 -27 -28 -29 30 -31 32 33 -34 35 -36 37 38 -39 -40 41 42 -43 -44 45 -46 -47 48 -49 50
uf50-036 nlogn logn infinity n 0.040534145000037825 0 -1 2 3 -4 -5 -6 -7 -8 -9 10 -11 -12 13 14 -15 16 17 18 -19 -20 -21 -22 -23 24 -25 26 -27 -28 29 30 31 -32 33 -34 35 36 37 38 -39 40 -41 -42 43 44 45 -46 -47 48 -49 -50
uf50-036 nn logn infinity n 0.35595302199999423 82240 1 2 -3 -4 -5 6 -7 8 -9 10 -11 -12 13 14 15 16 -17 18 19 -20 21 22 23 24 -25 26 -27 -28 29 30 31 -32 -33 34 35 36 -37 38 39 40 -41 -42 43 44 45 46 -47 48 -49 -50
uf50-036 nnn logn infinity n 17.832781277999857 113026 1 2 3 -4 5 6 -7 8 -9 10 -11 12 -13 14 15 16 -17 18 19 -20 21 -22 23 24 -25 26 -27 28 29 30 31 -32 -33 34 35 36 -37 38 -39 40 -41 42 43 -44 45 46 -47 -48 -49 50
uf50-0369 n logn infinity n 0.007505674000185536 0 -1 -2 3 4 5 -6 7 8 -9 10 11 -12 13 -14 -15 16 -17 18 -19 20 -21 22 23 -24 25 -26 -27 28 -29 -30 -31 -32 -33 34 -35 -36 37 38 -39 -40 -41 -42 43 44 -45 46 -47 48 -49 -50
uf50-0369 nlogn logn infinity n 0.04051534600012019 0 1 -2 3 -4 -5 6 7 -8 9 10 11 -12 13 -14 -15 -16 -17 18 -19 20 21 22 23 -24 -25 26 -27 28 -29 30 -31 -32 33 34 -35 -36 -37 -38 -39 40 41 42 -43 44 -45 46 47 48 -49 -50
uf50-0369 nn logn infinity n 0.35448239300012574 70880 1 -2 -3 -4 -5 6 7 -8 9 10 11 -12 -13 -14 -15 -16 17 18 -19 20 -21 -22 -23 24 -25 26 -27 -28 29 -30 31 32 33 -34 -35 -36 -37 38 39 40 -41 42 -43 44 45 46 -47 48 -49 50
uf50-0369 nnn logn infinity n 17.946165959000155 160279 1 -2 -3 -4 5 6 7 -8 9 -10 11 12 -13 14 15 -16 -17 18 -19 20 21 22 23 24 25 26 -27 28 -29 30 -31 -32 33 34 35 -36 -37 38 39 40 41 42 -43 44 -45 46 47 48 -49 -50
uf50-0405 n logn infinity n 0.007510682999964047 0 1 2 3 -4 5 -6 7 -8 9 -10 -11 12 13 -14 15 16 -17 18 19 -20 -21 -22 -23 24 -25 -26 27 28 29 -30 -31 32 -33 34 35 -36 37 38 -39 40 -41 -42 -43 -44 -45 -46 -47 48 49 50
uf50-0405 nlogn logn infinity n 0.04110196999999971 0 1 2 3 -4 -5 -6 7 -8 9 -10 -11 -12 -13 -14 15 16 -17 18 -19 -20 21 -22 -23 24 -25 -26 27 28 -29 -30 -31 32 -33 34 35 36 -37 38 -39 -40 -41 -42 -43 -44 -45 46 47 -48 49 50
uf50-0405 nn logn infinity n 0.3555753390000973 97083 1 2 3 -4 5 -6 -7 -8 9 10 -11 12 13 14 15 16 -17 18 19 -20 21 22 23 24 -25 -26 27 28 -29 -30 31 32 33 34 35 36 37 -38 39 -40 -41 42 -43 44 -45 46 47 -48 49 -50
uf50-0405 nnn logn infinity n 17.83279701499987 114272 1 -2 3 -4 5 -6 -7 -8 9 10 11 12 -13 -14 15 16 17 18 -19 -20 21 22 23 24 -25 -26 27 28 29 -30 31 32 -33 34 35 36 37 -38 -39 -40 -41 42 43 44 45 46 47 -48 49 -50
uf50-0414 n logn infinity n 0.0075655059999917285 0 -1 2 3 4 5 -6 7 8 9 -10 -11 12 -13 -14 -15 -16 17 18 -19 20 -21 22 23 -24 25 -26 -27 28 -29 30 -31 32 33 -34 35 -36 -37 38 39 -40 -41 -42 43 44 -45 -46 -47 -48 49 50
uf50-0414 nlogn logn infinity n 0.041452164000020275 0 -1 2 3 4 5 -6 -7 8 9 -10 -11 12 -13 -14 -15 -16 17 -18 -19 20 21 22 23 -24 25 26 27 -28 -29 30 31 32 33 34 35 -36 37 38 39 40 -41 -42 43 44 45 -46 -47 48 49 50
uf50-0414 nn logn infinity n 0.3597818519997418 91880 1 2 3 -4 -5 -6 -7 8 9 10 -11 12 13 -14 -15 16 17 18 19 20 -21 22 23 -24 25 26 -27 28 -29 30 -31 -32 33 34 35 -36 37 38 39 40 41 -42 43 44 45 46 -47 48 49 50
uf50-0414 nnn logn infinity n 17.92941030899965 126261 1 -2 3 -4 5 6 -7 8 9 -10 -11 12 13 14 -15 16 17 18 19 -20 21 22 23 24 25 26 -27 -28 -29 30 -31 32 -33 -34 35 36 -37 38 39 -40 -41 -42 -43 -44 -45 46 47 48 49 -50
uf50-0430 n logn infinity n 0.007471932000044035 0 1 -2 -3 4 -5 -6 -7 -8 -9 -10 11 12 -13 -14 15 16 -17 -18 -19 20 21 22 23 -24 25 -26 27 28 29 30 31 -32 -33 34 -35 -36 -37 -38 -39 -40 -41 42 43 -44 -45 -46 -47 -48 49 -50
uf50-0430 nlogn logn infinity n 0.041420352999921306 0 1 -2 -3 4 5 6 7 -8 -9 -10 -11 12 -13 14 -15 -16 -17 18 -19 20 21 22 23 24 25 -26 27 28 29 -30 -31 32 -33 34 -35 36 -37 -38 -39 -40 -41 42 43 -44 -45 -46 -47 48 49 -50
uf50-0430 nn logn infinity n 0.3562677250001798 76098 1 -2 -3 4 -5 6 -7 -8 9 10 -11 12 13 14 15 -16 17 18 -19 -20 -21 22 23 24 25 26 27 28 -29 -30 -31 32 -33 34 35 -36 -37 -38 -39 -40 -41 -42 43 44 -45 46 47 48 49 -50
uf50-0430 nnn logn infinity n 17.744355895999888 109802 1 2 -3 4 -5 6 -7 -8 9 10 -11 12 13 14 -15 -16 -17 18 19 -20 21 22 23 24 25 26 -27 28 29 -30 -31 32 33 34 35 36 37 -38 -39 -40 -41 42 43 44 -45 -46 -47 48 49 -50
uf50-0434 n logn infinity n 0.007467220999842539 0 1 2 -3 -4 -5 6 7 -8 9 -10 -11 -12 -13 -14 15 16 17 18 19 -20 -21 -22 23 -24 -25 -26 -27 -28 -29 30 31 32 -33 34 35 -36 37 -38 -39 -40 -41 42 43 44 -45 -46 47 48 -49 50
uf50-0434 nlogn logn infinity n 0.041705845999786106 0 -1 -2 -3 -4 -5 6 7 -8 9 -10 11 -12 -13 -14 15 16 17 18 -19 -20 -21 -22 23 24 25 -26 -27 -28 29 -30 31 32 -33 34 -35 -36 37 -38 -39 -40 -41 -42 43 -44 -45 -46 -47 -48 49 -50
uf50-0434 nn logn infinity n 0.35975144199983333 92017 -1 -2 3 -4 -5 6 7 -8 9 -10 11 -12 13 14 15 16 -17 -18 -19 20 21 -22 23 -24 25 -26 -27 -28 29 -30 31 32 -33 34 -35 -36 -37 -38 39 40 -41 -42 43 44 45 46 -47 -48 49 -50
uf50-0434 nnn logn infinity n 18.028028661999997 148944 -1 -2 3 4 -5 -6 7 -8 9 -10 11 12 -13 14 15 16 -17 -18 19 -20 21 22 23 24 25 26 -27 -28 29 30 -31 -32 -33 34 35 -36 -37 -38 39 -40 41 -42 43 44 -45 46 -47 -48 49 -50
uf50-0441 n logn infinity n 0.007481666999865411 0 1 2 3 -4 -5 -6 -7 -8 9 -10 11 -12 13 14 15 -16 17 -18 -19 -20 21 22 23 -24 -25 -26 27 28 29 30 31 32 33 -34 -35 -36 -37 38 39 -40 -41 42 43 44 -45 -46 -47 48 -49 50
uf50-0441 nlogn logn infinity n 0.04077030200005538 0 1 2 3 -4 -5 -6 7 8 9 -10 11 12 -13 -14 15 -16 17 -18 19 -20 21 -22 23 24 -25 -26 -27 -28 29 30 31 -32 33 34 35 -36 -37 -38 39 40 -41 42 -43 44 45 -46 -47 -48 49 50
uf50-0441 nn logn infinity n 0.3611276349997752 89642 1 -2 -3 4 -5 -6 7 8 -9 -10 11 -12 13 -14 15 16 17 18 19 -20 21 22 23 24 25 26 -27 28 29 -30 31 -32 -33 -34 35 -36 37 -38 39 -40 -41 -42 43 44 45 46 47 -48 -49 -50
uf50-0441 nnn logn infinity n 18.442334411000047 113780 1 -2 -3 4 -5 -6 7 8 -9 -10 11 -12 13 -14 15 16 17 18 19 20 21 22 -23 24 25 26 -27 28 29 -30 31 -32 -33 -34 35 -36 37 38 39 -40 41 42 43 44 45 46 47 -48 -49 -50
uf50-0452 n logn infinity n 0.007388069999706204 0 -1 2 3 4 -5 -6 7 -8 -9 10 -11 12 -13 -14 -15 16 -17 -18 19 -20 -21 -22 23 24 -25 26 27 28 29 -30 31 -32 33 34 -35 -36 -37 38 39 -40 41 -42 -43 -44 -45 46 47 48 -49 -50
uf50-0452 nlogn logn infinity n 0.040863018999971246 0 -1 2 3 4 -5 -6 7 -8 -9 10 -11 12 -13 -14 15 16 -17 -18 19 20 -21 -22 23 24 -25 26 27 28 -29 -30 31 32 33 34 35 36 -37 38 39 40 -41 42 -43 -44 -45 46 -47 48 -49 -50
uf50-0452 nn logn infinity n 0.3590885979997438 88092 -1 2 3 -4 5 6 7 -8 9 10 -11 12 -13 -14 15 16 -17 -18 19 20 21 -22 -23 -24 25 26 27 -28 29 30 -31 32 -33 34 -35 36 -37 -38 39 40 41 42 43 -44 45 -46 47 48 -49 -50
uf50-0452 nnn logn infinity n 17.958891500999925 141642 1 2 3 4 -5 6 7 8 -9 10 -11 12 -13 -14 15 16 17 -18 19 20 -21 -22 23 -24 25 26 27 28 29 30 31 -32 33 34 35 36 -37 38 -39 -40 41 42 43 44 45 -46 47 48 -49 50
uf50-0470 n logn infinity n 0.0075091730000167445 0 1 -2 -3 -4 -5 -6 -7 8 9 10 11 -12 13 14 -15 16 17 18 19 -20 21 -22 -23 -24 25 -26 -27 28 -29 -30 31 -32 -33 -34 -35 36 37 -38 39 -40 -41 -42 -43 44 45 -46 -47 48 -49 50
uf50-0470 nlogn logn infinity n 0.04089990900001794 0 -1 -2 -3 -4 5 -6 -7 8 9 10 11 12 13 -14 -15 16 17 18 19 -20 21 22 -23 -24 25 -26 -27 -28 29 30 -31 -32 33 -34 -35 -36 -37 38 39 40 -41 -42 43 44 45 46 47 -48 -49 -50
uf50-0470 nn logn infinity n 0.3568393120003748 85067 -1 2 -3 -4 5 -6 -7 8 9 10 11 12 -13 -14 -15 -16 17 18 19 -20 21 22 -23 -24 25 -26 -27 -28 29 30 -31 32 33 34 -35 36 -37 38 39 40 -41 -42 43 44 45 46 47 -48 49 50
uf50-0470 nnn logn infinity n 17.97642659200028 101483 -1 -2 -3 -4 5 6 -7 -8 9 10 11 12 -13 -14 -15 -16 17 18 19 -20 21 22 -23 24 25 26 -27 -28 29 30 -31 32 33 -34 -35 36 -37 38 39 40 41 -42 43 44 -45 46 47 48 49 50
uf50-0485 n logn infinity n 0.007432203000007576 0 -1 2 3 4 -5 -6 7 8 9 -10 -11 -12 13 14 -15 -16 17 -18 19 20 21 22 23 24 -25 -26 -27 -28 29 -30 -31 -32 33 -34 -35 -36 -37 38 -39 40 -41 -42 43 -44 45 -46 -47 -48 -49 -50
uf50-0485 nlogn logn infinity n 0.04025725200017405 19924 -1 -2 -3 4 -5 -6 -7 -8 -9 -10 11 -12 -13 14 -15 -16 17 18 19 20 -21 22 23 24 -25 -26 -27 28 29 30 31 -32 33 -34 35 -36 -37 -38 -39 40 41 -42 -43 44 45 -46 47 -48 -49 -50
uf50-0485 nn logn infinity n 0.3554916769999181 30945 1 -2 3 4 -5 -6 -7 8 -9 -10 11 -12 -13 14 -15 -16 17 18 -19 -20 -21 22 23 24 25 -26 -27 28 29 30 31 32 -33 -34 -35 36 37 -38 39 40 41 -42 -43 44 45 -46 -47 48 -49 -50
uf50-0485 nnn logn infinity n 17.845106791000035 54197 1 -2 -3 4 5 -6 7 8 -9 -10 11 12 13 14 15 -16 17 18 19 -20 -21 22 -23 -24 25 -26 -27 28 29 30 -31 32 33 -34 35 -36 37 38 39 40 41 42 43 -44 45 46 -47 -48 49 -50
uf50-0613 n logn infinity n 0.00754580500006341 0 -1 -2 -3 -4 -5 -6 7 -8 -9 -10 11 12 13 14 15 -16 -17 -18 19 20 21 22 23 -24 25 -26 27 -28 -29 -30 31 32 -33 -34 35 36 37 -38 39 40 -41 -42 43 44 -45 -46 -47 48 -49 -50
uf50-0613 nlogn logn infinity n 0.04078797400006806 0 -1 -2 -3 4 -5 -6 -7 -8 9 10 11 -12 13 14 15 -16 17 18 -19 20 21 22 23 24 25 -26 -27 28 -29 -30 31 32 -33 34 35 -36 -37 -38 39 40 -41 42 43 44 45 -46 -47 48 -49 50
uf50-0613 nn logn infinity n 0.354656162000083 31589 -1 -2 3 4 -5 6 -7 8 9 10 11 -12 -13 14 -15 16 17 -18 -19 20 21 22 -23 24 25 26 27 -28 29 30 31 -32 -33 34 35 -36 37 -38 39 -40 -41 -42 -43 -44 45 46 47 48 49 50
uf50-0613 nnn logn infinity n 17.916031018000012 42565 1 -2 3 4 -5 -6 -7 8 9 10 -11 12 -13 14 15 -16 17 18 -19 20 21 22 23 -24 25 26 27 28 29 -30 31 32 -33 34 35 -36 -37 -38 39 -40 41 -42 43 44 45 -46 -47 48 -49 50
uf50-0620 n logn infinity n 0.007619760000125098 0 -1 2 3 -4 -5 -6 7 8 9 -10 -11 -12 13 14 -15 -16 17 -18 -19 20 -21 -22 -23 24 -25 -26 27 28 -29 30 -31 32 33 -34 35 36 -37 38 39 -40 -41 42 -43 44 -45 46 47 48 49 -50
uf50-0620 nlogn logn infinity n 0.040849378000075376 0 1 2 -3 4 -5 -6 7 -8 -9 -10 11 12 -13 14 -15 -16 -17 -18 -19 20 -21 22 -23 24 -25 26 27 28 -29 30 31 32 33 -34 35 36 37 38 -39 -40 -41 42 -43 44 -45 46 47 48 49 -50
uf50-0620 nn logn infinity n 0.365268104000279 29957 1 2 3 4 5 6 -7 -8 -9 -10 11 12 -13 14 -15 -16 -17 18 -19 20 21 -22 -23 -24 25 26 27 -28 29 30 31 -32 33 34 35 36 37 38 -39 40 41 -42 -43 44 -45 46 47 48 -49 -50
uf50-0620 nnn logn infinity n 17.89580561999992 42986 -1 2 3 -4 5 6 -7 8 -9 -10 11 12 -13 14 15 -16 17 -18 -19 20 21 22 23 24 25 26 27 28 -29 30 -31 32 33 -34 35 36 37 38 -39 40 -41 42 -43 44 45 46 -47 48 -49 -50
uf50-0642 n logn infinity n 0.007499203999941528 0 -1 -2 3 4 -5 6 7 -8 -9 10 -11 12 -13 -14 -15 16 17 -18 19 20 21 22 23 24 -25 -26 27 -28 -29 -30 31 32 33 34 35 -36 -37 38 39 40 41 42 -43 44 45 -46 -47 -48 49 -50
uf50-0642 nlogn logn infinity n 0.040787447999719006 0 -1 -2 3 4 5 -6 -7 -8 9 10 -11 12 13 14 -15 -16 -17 -18 19 20 21 22 -23 24 25 -26 27 -28 29 -30 -31 -32 33 34 -35 -36 37 -38 39 40 41 42 43 -44 -45 -46 -47 -48 49 -50
uf50-0642 nn logn infinity n 0.35329028699970877 29409 -1 2 3 4 5 6 -7 -8 9 -10 11 -12 13 14 -15 -16 -17 18 19 20 21 -22 -23 24 -25 -26 27 28 29 30 31 -32 33 -34 35 36 -37 -38 39 40 -41 42 -43 44 45 -46 47 -48 49 -50
uf50-0642 nnn logn infinity n 17.886884524999914 42970 -1 2 3 4 5 6 -7 -8 9 10 11 -12 13 14 -15 -16 17 18 19 20 21 22 -23 24 25 -26 27 -28 29 30 31 32 33 34 35 36 37 -38 39 -40 -41 42 -43 -44 45 -46 -47 -48 49 50
uf50-0655 n logn infinity n 0.007471688999885373 0 1 -2 3 -4 -5 -6 -7 -8 9 10 11 12 13 14 15 16 -17 -18 19 -20 21 -22 23 -24 25 26 -27 -28 29 -30 31 32 -33 34 35 36 -37 38 39 -40 -41 42 -43 -44 45 -46 -47 -48 -49 50
uf50-0655 nlogn logn infinity n 0.04214393999973254 0 -1 2 3 -4 5 6 7 -8 9 -10 11 12 -13 14 15 16 17 -18 -19 -20 21 22 23 -24 25 -26 -27 -28 -29 -30 31 32 -33 34 35 36 -37 38 -39 -40 -41 42 -43 44 -45 46 -47 -48 -49 50
uf50-0655 nn logn infinity n 0.35718860999986646 45942 -1 -2 -3 -4 5 6 7 8 9 10 11 12 13 -14 15 16 17 -18 19 -20 21 22 23 24 -25 -26 27 28 -29 30 31 32 33 -34 35 36 37 38 39 40 41 42 -43 44 45 -46 -47 48 49 -50
uf50-0655 nnn logn infinity n 17.799707901999682 45942 -1 -2 -3 -4 5 6 7 8 9 10 11 12 13 -14 15 16 17 -18 19 -20 21 22 23 24 -25 -26 27 28 -29 30 31 32 33 -34 35 36 37 38 39 40 41 42 -43 44 45 -46 -47 48 49 -50
uf50-0665 n logn infinity n 0.00752102400019794 0 1 -2 -3 -4 -5 6 -7 -8 -9 10 -11 12 13 14 -15 -16 -17 18 19 20 -21 22 -23 24 -25 -26 27 28 29 -30 -31 32 33 34 35 36 37 38 -39 -40 -41 -42 -43 -44 45 46 -47 48 49 -50
uf50-0665 nlogn logn infinity n 0.04064000400012446 0 1 -2 -3 -4 5 6 7 -8 -9 10 11 12 -13 -14 15 16 17 18 19 20 -21 22 -23 24 -25 -26 -27 28 29 -30 -31 -32 33 -34 -35 -36 -37 -38 -39 -40 -41 -42 -43 -44 45 46 -47 48 49 50
uf50-0665 nn logn infinity n 0.35199886200007313 39936 -1 -2 3 -4 5 6 7 -8 -9 10 11 12 -13 14 15 -16 17 18 19 20 21 -22 -23 24 25 26 -27 28 29 -30 31 32 33 34 35 -36 37 38 39 -40 41 42 -43 44 45 46 -47 48 49 -50
uf50-0665 nnn logn infinity n 18.08015170700037 45106 -1 2 -3 -4 -5 6 7 8 -9 10 11 -12 13 -14 15 -16 17 18 19 20 21 22 -23 24 25 26 27 28 29 -30 -31 32 33 -34 35 -36 37 38 -39 -40 41 42 43 44 45 46 -47 48 49 50
uf50-0672 n logn infinity n 0.007516420000229118 0 1 2 -3 4 5 -6 -7 8 -9 -10 11 -12 13 -14 -15 -16 -17 -18 19 20 21 -22 -23 24 -25 26 27 -28 29 -30 31 32 33 34 -35 36 37 38 -39 40 41 42 43 44 45 -46 47 48 -49 50
uf50-0672 nlogn logn infinity n 0.04067140400002245 0 -1 2 -3 -4 5 -6 -7 8 9 -10 -11 12 -13 -14 -15 16 17 -18 -19 20 21 22 -23 24 -25 -26 -27 -28 -29 -30 31 32 33 34 35 36 37 38 -39 -40 -41 -42 43 44 45 -46 -47 -48 -49 50
uf50-0672 nn logn infinity n 0.35408838500006823 31864 1 2 3 4 5 -6 7 8 9 -10 11 12 13 14 15 -16 17 18 -19 -20 21 22 23 24 -25 26 27 -28 29 30 -31 32 33 34 35 36 -37 -38 39 -40 41 42 -43 44 45 46 -47 48 -49 50
uf50-0672 nnn logn infinity n 18.01296275200002 36696 1 2 3 4 5 6 7 -8 9 -10 11 12 13 14 15 -16 17 18 -19 -20 21 22 23 24 -25 26 27 28 29 30 -31 32 33 34 35 36 -37 -38 39 -40 41 42 -43 44 45 46 47 48 49 50
uf50-0768 n logn infinity n 0.007459053999809839 0 -1 -2 -3 4 -5 6 7 -8 9 10 11 12 -13 -14 -15 -16 17 -18 19 20 -21 -22 -23 -24 -25 -26 27 28 29 -30 31 32 33 34 -35 36 37 38 39 -40 41 -42 -43 -44 -45 46 47 48 -49 50
uf50-0768 nlogn logn infinity n 0.04065474700018967 0 -1 2 -3 4 -5 -6 7 -8 -9 -10 11 -12 -13 -14 -15 -16 17 -18 19 20 -21 -22 -23 -24 25 -26 27 28 29 -30 -31 32 33 34 -35 36 37 -38 39 -40 41 42 43 -44 -45 -46 -47 -48 -49 50
uf50-0768 nn logn infinity n 0.3549923460000173 52924 1 2 -3 4 -5 6 7 8 9 10 -11 -12 -13 -14 -15 16 17 -18 -19 -20 21 22 23 -24 -25 -26 27 -28 -29 30 -31 -32 -33 -34 -35 36 -37 38 -39 -40 41 42 43 -44 45 -46 47 48 -49 50
uf50-0768 nnn logn infinity n 18.325851712999793 68632 1 2 -3 4 -5 6 7 -8 9 10 -11 -12 13 -14 -15 16 17 -18 19 -20 21 22 -23 -24 -25 26 27 -28 -29 30 31 -32 -33 34 -35 36 37 38 -39 -40 41 42 43 -44 45 -46 47 48 -49 50
uf50-0821 n logn infinity n 0.007559666999895853 0 1 -2 3 4 -5 -6 7 8 9 -10 11 12 13 14 15 16 17 18 19 -20 21 22 23 -24 25 26 -27 28 -29 -30 -31 32 -33 34 35 -36 37 38 -39 40 41 42 43 -44 45 -46 47 48 -49 50
uf50-0821 nlogn logn infinity n 0.04124072400009027 0 -1 -2 -3 4 -5 6 7 8 9 10 11 -12 13 14 -15 16 -17 18 19 20 -21 -22 23 24 25 -26 -27 28 -29 -30 -31 -32 33 -34 35 36 -37 38 -39 40 41 -42 43 -44 -45 -46 47 48 49 50
uf50-0821 nn logn infinity n 0.36392117700006565 53958 -1 -2 -3 4 -5 -6 7 8 -9 10 -11 -12 13 14 -15 -16 -17 -18 -19 20 21 -22 23 -24 25 -26 -27 28 -29 -30 -31 -32 33 34 35 -36 37 -38 39 -40 41 42 43 44 -45 46 47 48 49 -50
uf50-0821 nnn logn infinity n 17.90357579500005 90129 -1 -2 3 4 5 -6 7 8 9 10 -11 -12 13 14 -15 -16 17 18 -19 20 21 -22 23 -24 25 -26 -27 28 -29 30 -31 -32 33 34 35 -36 37 -38 39 -40 41 42 43 44 45 46 47 48 -49 -50
uf50-0832 n logn infinity n 0.0074941160000889795 0 -1 -2 3 4 5 6 -7 8 -9 -10 -11 -12 -13 -14 15 -16 -17 18 19 20 -21 22 -23 24 25 -26 27 28 29 -30 -31 32 -33 -34 -35 36 37 -38 39 -40 -41 -42 43 -44 45 46 47 48 -49 50
uf50-0832 nlogn logn infinity n 0.04040279799983182 28308 -1 -2 3 -4 5 -6 -7 8 -9 -10 -11 12 13 -14 -15 16 17 18 -19 20 -21 -22 -23 24 25 -26 27 28 -29 -30 -31 -32 -33 -34 35 -36 37 -38 39 -40 41 -42 -43 44 45 -46 47 -48 -49 -50
uf50-0832 nn logn infinity n 0.3575234489999275 57226 -1 -2 3 -4 5 6 -7 8 9 10 -11 12 13 -14 15 -16 17 18 19 20 21 -22 23 24 25 -26 27 28 29 -30 31 -32 33 -34 35 36 37 -38 39 -40 41 -42 -43 44 45 -46 47 48 -49 -50
uf50-0832 nnn logn infinity n 18.0851295880002 70501 -1 -2 3 4 5 6 -7 8 9 10 -11 12 13 -14 15 16 17 18 19 20 -21 -22 23 24 25 -26 27 28 29 30 31 32 33 -34 35 36 37 -38 39 -40 -41 -42 43 -44 45 46 -47 48 49 50
uf50-0863 n logn infinity n 0.007577357999707601 0 -1 -2 -3 -4 -5 6 -7 -8 -9 10 11 12 -13 14 -15 16 17 -18 19 -20 21 22 -23 24 25 -26 -27 -28 -29 -30 31 -32 -33 -34 35 -36 -37 38 -39 -40 41 -42 -43 44 -45 46 -47 48 49 50
uf50-0863 nlogn logn infinity n 0.042857366999669466 0 -1 -2 -3 4 -5 -6 7 -8 9 10 11 12 13 -14 -15 -16 -17 18 19 20 -21 22 -23 24 25 26 -27 -28 -29 -30 31 32 -33 -34 35 36 37 38 -39 -40 41 42 -43 -44 -45 46 47 -48 49 50
uf50-0863 nn logn infinity n 0.3616446209998685 66052 1 -2 -3 -4 5 -6 7 8 9 10 -11 12 13 14 -15 -16 -17 18 19 20 -21 22 23 -24 25 26 27 -28 -29 30 -31 32 33 34 35 36 37 38 39 40 -41 -42 -43 -44 -45 -46 47 -48 -49 -50
uf50-0863 nnn logn infinity n 18.04934581999987 79945 1 -2 -3 4 -5 -6 -7 -8 9 10 11 12 13 -14 15 -16 17 -18 19 -20 21 -22 -23 24 25 26 -27 -28 29 30 -31 32 33 34 35 36 -37 -38 -39 40 -41 -42 -43 44 45 -46 47 48 49 -50
uf50-0879 n logn infinity n 0.007523575000050187 0 1 2 -3 4 -5 6 7 -8 -9 10 -11 -12 13 14 -15 16 17 18 -19 20 21 -22 -23 -24 25 26 27 -28 29 30 31 -32 -33 34 35 36 37 38 -39 -40 -41 42 43 -44 45 -46 47 -48 49 -50
uf50-0879 nlogn logn infinity n 0.040790322000248125 0 1 2 -3 4 -5 6 -7 -8 9 10 -11 12 13 14 -15 -16 17 -18 19 20 21 -22 -23 -24 25 -26 -27 -28 29 30 -31 -32 -33 -34 35 -36 37 38 39 40 -41 42 43 -44 -45 -46 47 -48 49 50
uf50-0879 nn logn infinity n 0.35348083700000643 0 1 2 -3 -4 -5 6 -7 -8 9 10 -11 12 -13 14 -15 -16 17 -18 19 20 -21 -22 -23 24 -25 -26 -27 28 -29 -30 -31 -32 33 34 35 -36 37 -38 39 -40 -41 42 43 -44 -45 -46 47 48 49 50
uf50-0879 nnn logn infinity n 17.816762354000275 73405 1 2 3 -4 5 6 7 -8 9 10 -11 12 -13 14 -15 16 17 18 19 20 21 -22 -23 24 -25 26 -27 28 -29 30 31 -32 33 34 35 -36 37 -38 -39 40 41 -42 43 44 45 46 47 48 49 50
uf50-0882 n logn infinity n 0.007283291000021563 0 1 2 -3 -4 -5 6 -7 8 9 10 -11 12 13 14 -15 -16 17 -18 19 20 21 22 23 -24 25 -26 27 28 -29 -30 31 -32 33 34 -35 -36 -37 38 39 40 41 42 43 -44 -45 -46 47 48 49 -50
uf50-0882 nlogn logn infinity n 0.040089915999942605 48151 -1 2 -3 4 -5 -6 7 -8 9 10 11 12 13 14 15 -16 17 -18 19 20 21 22 23 24 25 26 27 28 -29 -30 -31 -32 33 34 -35 -36 37 38 39 40 -41 42 43 44 45 -46 47 48 49 50
uf50-0882 nn logn infinity n 0.35577366500001517 59528 -1 2 -3 4 5 -6 7 -8 9 10 -11 -12 13 14 15 16 17 -18 19 20 21 22 23 24 25 26 27 28 -29 30 -31 -32 33 34 -35 36 37 38 39 40 -41 42 43 44 45 46 47 48 49 50
uf50-0882 nnn logn infinity n 18.438742472000285 63095 -1 2 -3 4 5 -6 7 -8 9 10 -11 -12 13 14 -15 16 17 18 19 20 21 22 23 24 -25 -26 27 28 -29 30 31 32 33 34 -35 36 37 38 39 40 -41 42 -43 44 45 46 47 48 49 50
uf50-0897 n logn infinity n 0.007231000000047061 0 1 2 -3 4 5 -6 7 8 9 -10 -11 12 -13 14 15 -16 17 18 -19 -20 -21 -22 23 24 -25 26 -27 28 -29 -30 -31 -32 -33 34 -35 -36 -37 -38 39 -40 41 -42 -43 44 -45 46 -47 48 -49 -50
uf50-0897 nlogn logn infinity n 0.039549631999761914 0 -1 2 3 4 5 6 -7 -8 9 10 -11 12 -13 14 15 16 17 18 -19 -20 -21 -22 23 24 -25 26 27 28 -29 30 -31 -32 -33 34 -35 36 -37 -38 39 -40 41 -42 -43 -44 -45 46 -47 -48 49 -50
uf50-0897 nn logn infinity n 0.34811277600010726 41119 -1 -2 3 -4 5 6 -7 -8 9 10 -11 -12 13 14 15 -16 -17 18 19 20 -21 -22 -23 24 -25 26 -27 28 29 30 -31 32 -33 -34 -35 36 37 -38 39 40 41 -42 43 -44 45 46 -47 -48 49 50
uf50-0897 nnn logn infinity n 18.244265371999973 68651 -1 2 3 -4 5 6 7 -8 9 10 -11 -12 13 14 15 16 -17 -18 19 20 21 -22 -23 24 25 26 -27 28 29 30 -31 32 -33 34 35 36 37 38 39 -40 41 -42 -43 44 45 46 -47 48 49 50
uf50-0920 n logn infinity n 0.007767284000237851 0 1 2 -3 -4 -5 -6 7 -8 9 -10 -11 -12 13 14 15 16 -17 -18 19 20 -21 -22 -23 24 25 -26 27 -28 -29 -30 -31 32 33 -34 -35 -36 37 38 39 40 41 -42 43 -44 -45 46 47 48 49 50
uf50-0920 nlogn logn infinity n 0.041971563000060996 0 1 2 -3 -4 -5 6 7 -8 -9 -10 -11 -12 13 14 15 16 -17 -18 -19 20 21 -22 23 24 25 26 27 -28 29 30 31 32 -33 34 35 -36 37 38 -39 40 41 -42 43 44 -45 46 47 48 49 50
uf50-0920 nn logn infinity n 0.3605364550003287 43881 1 2 -3 -4 5 -6 7 -8 -9 -10 -11 12 13 -14 -15 16 -17 -18 -19 20 21 22 -23 24 25 26 27 28 29 30 31 -32 -33 34 35 36 37 38 39 40 -41 42 43 44 -45 46 47 48 49 50
uf50-0920 nnn logn infinity n 18.171046955000293 63843 -1 2 3 -4 5 -6 -7 8 -9 -10 -11 12 13 14 -15 16 17 -18 -19 -20 21 22 23 24 25 26 27 28 29 30 31 32 33 34 -35 36 -37 38 39 40 -41 42 -43 44 45 -46 47 48 49 50
uf50-0954 n logn infinity n 0.0076850000000376895 0 1 -2 -3 -4 -5 -6 -7 -8 -9 -10 11 12 -13 14 15 16 17 -18 19 -20 -21 22 -23 24 -25 -26 27 -28 -29 -30 31 -32 33 34 -35 -36 37 -38 39 40 -41 -42 -43 -44 -45 46 47 48 -49 -50
uf50-0954 nlogn logn infinity n 0.0414309669999966 49202 -1 -2 -3 4 -5 -6 7 8 -9 -10 11 12 -13 14 15 16 17 -18 19 20 -21 -22 -23 24 25 -26 27 28 29 -30 31 32 -33 -34 35 36 37 -38 39 40 -41 -42 -43 44 -45 -46 -47 48 49 50
uf50-0954 nn logn infinity n 0.3572325129998717 71178 1 -2 -3 4 -5 -6 7 8 -9 -10 11 12 -13 14 15 16 17 -18 -19 -20 -21 22 23 24 25 26 27 28 29 30 31 32 33 34 -35 36 37 -38 39 40 -41 -42 -43 44 45 46 -47 48 49 50
uf50-0954 nnn logn infinity n 18.826155623999966 72194 -1 2 -3 4 -5 -6 7 8 9 10 11 -12 -13 14 15 16 -17 -18 -19 20 21 22 -23 24 -25 26 27 -28 29 30 31 -32 33 34 35 -36 37 -38 39 40 -41 -42 43 44 45 -46 -47 48 49 50
uf50-0957 n logn infinity n 0.00773401099968396 0 1 -2 3 4 -5 6 7 -8 -9 -10 -11 -12 -13 -14 -15 -16 17 18 -19 20 21 -22 23 -24 -25 -26 27 28 29 -30 -31 32 -33 -34 -35 -36 37 -38 -39 40 41 -42 43 -44 45 -46 47 -48 49 -50
uf50-0957 nlogn logn infinity n 0.04168488699997397 0 -1 -2 3 4 5 6 7 -8 -9 10 -11 -12 -13 -14 -15 -16 17 18 -19 20 21 22 23 -24 -25 -26 27 -28 -29 -30 31 32 -33 -34 35 -36 37 38 39 40 41 -42 43 -44 45 -46 47 -48 49 -50
uf50-0957 nn logn infinity n 0.3751412779997736 55415 -1 -2 3 -4 5 6 7 8 -9 10 11 -12 -13 -14 -15 -16 17 18 -19 20 21 -22 23 -24 25 -26 27 -28 -29 -30 31 32 -33 -34 35 36 37 38 39 40 41 42 43 -44 45 46 47 -48 49 50
uf50-0957 nnn logn infinity n 17.960742042999755 62741 -1 -2 3 -4 5 6 7 8 -9 10 -11 12 -13 -14 -15 -16 17 18 -19 20 21 22 23 -24 25 -26 27 28 -29 -30 31 32 -33 -34 35 36 -37 38 39 40 41 42 43 44 45 46 47 -48 49 50
uf50-0987 n logn infinity n 0.007256923000113602 0 -1 -2 3 4 5 6 -7 8 -9 10 11 -12 -13 14 -15 16 17 18 -19 -20 21 22 -23 -24 25 -26 -27 -28 -29 -30 31 32 33 34 35 -36 37 38 -39 -40 -41 42 43 44 -45 46 -47 48 -49 50
uf50-0987 nlogn logn infinity n 0.042743341000004875 0 -1 -2 3 4 -5 -6 -7 8 -9 10 11 -12 -13 14 15 16 -17 -18 -19 -20 21 22 23 -24 25 -26 -27 -28 -29 -30 -31 32 -33 34 35 -36 -37 38 39 40 -41 42 43 44 -45 46 -47 48 49 50
uf50-0987 nn logn infinity n 0.36425862800024333 24756 -1 2 -3 4 5 -6 7 8 9 -10 -11 -12 13 14 15 -16 17 -18 19 -20 -21 -22 23 24 -25 26 -27 -28 -29 -30 31 32 -33 -34 35 -36 -37 -38 -39 -40 -41 -42 -43 -44 -45 46 -47 -48 49 50
uf50-0987 nnn logn infinity n 18.292246713000168 60232 -1 2 -3 4 -5 6 7 8 9 -10 -11 -12 -13 14 15 -16 17 -18 19 -20 21 22 23 24 25 26 -27 -28 29 30 31 32 -33 -34 35 36 -37 38 -39 40 41 -42 43 -44 -45 46 -47 48 49 50
