uf50-012 n all n 0 0.005478605999996944 0 -1 2 3 4 5 6 7 -8 -9 -10 11 -12 13 -14 15 16 17 18 -19 -20 -21 22 23 24 -25 -26 27 28 29 30 31 -32 -33 -34 35 36 37 -38 -39 -40 -41 42 -43 44 45 -46 47 -48 49 50
uf50-012 nlogn all n 0 0.03130495300001712 0 -1 2 3 4 5 6 7 -8 9 -10 11 -12 -13 -14 15 16 17 18 -19 -20 21 22 23 24 -25 -26 27 28 29 30 31 -32 -33 -34 35 -36 37 -38 -39 40 -41 42 -43 44 45 -46 47 -48 49 50
uf50-012 nn all n 0 0.27122248099999524 0 1 2 3 4 5 -6 -7 -8 9 -10 11 -12 -13 -14 15 16 17 18 -19 -20 21 22 23 24 -25 -26 -27 28 29 30 31 32 33 34 -35 -36 37 -38 -39 40 -41 42 -43 44 45 -46 47 -48 49 50
uf50-012 nnn all n 0 13.77434052600006 0 1 2 3 4 5 -6 -7 -8 9 -10 11 -12 -13 -14 15 16 17 18 -19 -20 21 22 23 24 -25 -26 -27 28 29 30 31 32 33 34 -35 -36 37 -38 -39 40 -41 42 -43 44 45 -46 47 -48 49 50
uf50-012 n all n 1 0.005665532999955758 0 1 2 -3 4 5 6 -7 8 9 -10 -11 12 -13 -14 15 -16 17 -18 -19 20 21 -22 23 24 -25 -26 -27 -28 -29 30 31 32 -33 34 -35 36 -37 38 39 -40 41 42 43 -44 -45 46 -47 48 49 -50
uf50-012 nlogn all n 1 0.03144527900008143 0 1 2 -3 4 5 -6 -7 8 9 -10 -11 12 -13 -14 15 -16 17 -18 19 20 21 -22 23 24 -25 -26 -27 -28 -29 30 31 32 33 34 -35 -36 -37 38 39 -40 41 42 43 -44 -45 -46 -47 48 49 -50
uf50-012 nn all n 1 0.2768939710001632 0 1 2 -3 4 5 -6 7 8 9 -10 -11 12 -13 -14 15 -16 17 -18 19 20 21 -22 23 24 -25 -26 -27 -28 -29 30 31 -32 33 34 -35 -36 37 -38 39 -40 41 42 43 44 45 -46 -47 -48 49 -50
uf50-012 nnn all n 1 13.790191914000161 0 1 2 -3 4 5 -6 7 8 9 -10 -11 12 -13 -14 15 -16 17 -18 19 20 21 -22 23 24 -25 -26 -27 -28 -29 30 31 -32 33 34 -35 -36 37 -38 39 -40 41 42 43 44 45 -46 -47 -48 49 -50
uf50-012 n all n n 0.005667286999823773 0 1 -2 3 4 5 -6 7 -8 9 -10 -11 12 13 -14 -15 -16 -17 -18 -19 -20 21 22 -23 24 25 -26 27 -28 -29 -30 -31 32 33 -34 -35 36 37 -38 39 -40 41 -42 -43 -44 45 -46 -47 48 49 -50
uf50-012 nlogn all n n 0.03154277599992383 0 1 -2 3 4 5 -6 7 -8 9 -10 -11 12 13 -14 -15 -16 -17 -18 -19 -20 21 22 -23 24 -25 -26 -27 -28 -29 -30 -31 32 33 -34 -35 -36 37 -38 39 -40 41 42 -43 -44 45 -46 -47 48 49 50
uf50-012 nn all n n 0.27822842999989916 0 1 -2 3 4 -5 -6 7 -8 9 -10 -11 12 -13 -14 -15 -16 -17 -18 -19 -20 21 22 -23 24 -25 -26 -27 -28 -29 -30 31 32 33 34 -35 -36 37 -38 39 -40 -41 42 -43 -44 45 -46 -47 48 49 50
uf50-012 nnn all n n 14.280320521000021 15382 1 2 3 4 5 -6 -7 -8 9 -10 11 12 -13 -14 15 -16 17 -18 19 20 21 22 -23 24 -25 26 -27 -28 29 30 31 32 33 34 35 -36 37 38 39 40 -41 42 -43 -44 45 46 47 48 -49 50
uf50-012 n all nlogn 0 0.0057006649999493675 0 -1 -2 -3 -4 5 6 -7 -8 9 10 11 12 -13 -14 -15 16 17 -18 -19 -20 21 -22 23 24 25 -26 -27 28 -29 30 31 32 33 -34 35 36 37 38 39 40 41 -42 -43 -44 45 46 47 48 49 -50
uf50-012 nlogn all nlogn 0 0.031545637999897735 0 -1 -2 -3 -4 5 6 -7 -8 9 10 11 12 -13 -14 -15 16 17 -18 -19 -20 21 -22 23 24 -25 -26 -27 -28 29 30 31 32 33 -34 35 -36 37 38 39 40 41 -42 -43 -44 45 46 47 -48 49 -50
uf50-012 nn all nlogn 0 0.27388435499983643 0 -1 -2 -3 -4 5 -6 7 -8 9 10 11 12 -13 14 15 16 17 -18 -19 -20 -21 -22 23 24 -25 -26 -27 28 29 30 31 32 33 34 35 -36 37 38 39 40 41 42 -43 -44 -45 -46 47 -48 49 50
uf50-012 nnn all nlogn 0 13.464212570999962 0 -1 -2 -3 -4 5 -6 7 -8 9 10 11 12 -13 14 15 16 17 -18 -19 -20 -21 -22 23 24 -25 -26 -27 28 29 30 31 32 33 34 35 -36 37 38 39 40 41 42 -43 -44 -45 -46 47 -48 49 50
uf50-012 n all nlogn 1 0.0054879009999240225 0 1 2 3 -4 -5 -6 -7 -8 -9 -10 11 12 -13 -14 15 -16 -17 18 19 -20 21 -22 -23 -24 -25 26 -27 28 -29 -30 -31 -32 33 -34 35 -36 37 38 39 -40 41 42 -43 -44 -45 -46 -47 -48 -49 50
uf50-012 nlogn all nlogn 1 0.030140755000047648 0 1 2 3 -4 -5 -6 -7 -8 9 -10 11 12 -13 -14 15 -16 -17 18 19 -20 21 -22 -23 -24 -25 26 -27 28 -29 -30 -31 32 33 -34 35 -36 37 38 39 -40 -41 42 -43 -44 45 46 -47 -48 -49 50
uf50-012 nn all nlogn 1 0.26760104499999215 15382 1 2 3 4 5 -6 -7 -8 9 -10 11 12 -13 -14 15 -16 17 -18 19 20 21 22 -23 24 -25 26 -27 -28 29 30 31 32 33 34 35 -36 37 38 39 40 -41 42 -43 -44 45 46 47 48 -49 50
uf50-012 nnn all nlogn 1 13.224450602999923 15382 1 2 3 4 5 -6 -7 -8 9 -10 11 12 -13 -14 15 -16 17 -18 19 20 21 22 -23 24 -25 26 -27 -28 29 30 31 32 33 34 35 -36 37 38 39 40 -41 42 -43 -44 45 46 47 48 -49 50
uf50-012 n all nlogn n 0.005799985000066954 0 1 2 3 4 -5 6 7 8 -9 10 11 12 -13 14 -15 -16 17 -18 -19 -20 -21 -22 23 24 -25 -26 27 -28 29 -30 -31 32 -33 -34 -35 -36 -37 38 -39 -40 -41 42 -43 -44 45 -46 47 48 -49 -50
uf50-012 nlogn all nlogn n 0.032113744000071165 0 1 2 3 4 -5 6 7 8 -9 10 11 12 -13 14 -15 -16 17 -18 -19 -20 -21 -22 23 24 -25 -26 -27 -28 29 -30 -31 32 33 -34 -35 -36 -37 38 39 -40 -41 42 -43 -44 45 -46 47 -48 -49 50
uf50-012 nn all nlogn n 0.27940424799999164 0 1 2 3 4 -5 -6 7 8 -9 10 11 12 13 14 -15 -16 17 -18 19 -20 21 22 -23 24 -25 -26 -27 -28 29 -30 31 32 33 -34 -35 -36 37 38 39 40 -41 -42 -43 44 45 -46 47 -48 -49 50
uf50-012 nnn all nlogn n 13.829486051000003 15382 1 2 3 4 5 -6 -7 -8 9 -10 11 12 -13 -14 15 -16 17 -18 19 20 21 22 -23 24 -25 26 -27 -28 29 30 31 32 33 34 35 -36 37 38 39 40 -41 42 -43 -44 45 46 47 48 -49 50
uf50-012 n all nn 0 0.0056552900000497175 0 1 -2 -3 -4 -5 6 -7 -8 9 10 11 -12 13 14 15 16 -17 -18 -19 -20 -21 22 23 -24 -25 -26 27 28 -29 -30 31 -32 -33 34 -35 -36 37 38 39 40 41 -42 43 -44 -45 46 47 48 -49 -50
uf50-012 nlogn all nn 0 0.031227528000044913 0 1 -2 -3 4 -5 6 -7 -8 9 10 11 -12 13 14 15 16 -17 -18 19 -20 -21 22 23 -24 -25 -26 -27 28 -29 -30 31 -32 33 34 -35 -36 37 38 39 40 41 -42 43 -44 -45 -46 47 48 -49 -50
uf50-012 nn all nn 0 0.26772323599993797 0 -1 -2 -3 4 -5 6 -7 8 9 10 -11 12 13 14 15 16 -17 -18 19 -20 -21 22 23 -24 -25 -26 -27 28 -29 -30 31 -32 33 34 -35 -36 37 38 39 40 41 42 -43 -44 -45 -46 47 -48 -49 -50
uf50-012 nnn all nn 0 13.22675280899989 0 -1 -2 -3 4 5 -6 7 8 9 10 -11 12 -13 14 15 16 17 -18 -19 20 21 -22 -23 24 -25 -26 -27 28 -29 30 31 32 33 34 -35 -36 37 -38 39 40 41 42 43 44 -45 -46 -47 -48 49 50
uf50-012 n all nn 1 0.005861816000106046 0 1 -2 -3 -4 -5 -6 7 -8 9 -10 11 12 -13 -14 15 16 -17 -18 19 -20 21 22 23 -24 25 -26 -27 -28 -29 30 -31 32 33 34 -35 -36 37 38 39 -40 41 42 43 -44 45 46 47 48 -49 50
uf50-012 nlogn all nn 1 0.031765249000045515 0 1 -2 -3 -4 -5 -6 7 -8 9 -10 11 12 -13 -14 15 -16 -17 -18 19 -20 21 22 23 -24 -25 -26 -27 -28 -29 30 31 32 33 34 -35 -36 37 38 39 -40 -41 42 -43 -44 45 46 47 48 -49 50
uf50-012 nn all nn 1 0.2689516899999944 0 1 -2 3 -4 5 -6 -7 -8 9 -10 11 12 -13 -14 15 -16 -17 -18 19 20 -21 -22 23 -24 -25 -26 -27 -28 -29 30 -31 32 33 34 35 -36 37 -38 39 -40 -41 42 -43 -44 45 46 -47 -48 -49 50
uf50-012 nnn all nn 1 13.031638007000083 15623 1 2 3 -4 5 -6 -7 -8 9 -10 11 12 -13 14 15 -16 17 -18 19 20 21 22 23 -24 -25 -26 -27 -28 29 30 31 32 33 34 35 36 37 38 39 40 -41 42 -43 -44 45 46 47 -48 -49 50
uf50-012 n all nn n 0.005689067000048453 0 1 -2 3 -4 -5 6 -7 -8 9 -10 11 -12 -13 -14 15 -16 17 -18 19 -20 -21 22 -23 -24 -25 26 -27 -28 -29 -30 -31 -32 33 34 35 36 -37 38 -39 -40 41 -42 43 -44 -45 46 47 48 -49 50
uf50-012 nlogn all nn n 0.03189427200004502 0 1 -2 3 -4 -5 -6 -7 -8 9 -10 11 -12 -13 -14 15 -16 17 -18 19 -20 -21 22 -23 -24 -25 -26 -27 -28 -29 -30 -31 -32 33 34 35 36 -37 38 39 -40 -41 -42 43 -44 45 46 47 48 -49 50
uf50-012 nn all nn n 0.2753868130000683 0 1 2 3 -4 -5 -6 -7 -8 9 -10 11 12 -13 -14 15 -16 17 -18 19 -20 -21 22 -23 24 -25 -26 -27 -28 29 30 -31 32 33 34 35 -36 -37 38 39 40 -41 -42 -43 -44 45 46 -47 48 -49 50
uf50-012 nnn all nn n 13.806484126999976 15382 1 2 3 4 5 -6 -7 -8 9 -10 11 12 -13 -14 15 -16 17 -18 19 20 21 22 -23 24 -25 26 -27 -28 29 30 31 32 33 34 35 -36 37 38 39 40 -41 42 -43 -44 45 46 47 48 -49 50
uf50-012 n all infinity 0 0.005523448000076314 0 -1 2 3 -4 5 6 7 -8 -9 -10 11 -12 13 14 -15 -16 17 -18 -19 20 21 -22 23 -24 25 26 27 -28 -29 30 31 32 33 34 -35 -36 37 38 39 -40 -41 42 -43 -44 45 -46 -47 48 49 50
uf50-012 nlogn all infinity 0 0.03061379200016745 0 -1 2 3 -4 5 6 7 -8 -9 -10 11 -12 13 14 -15 16 17 -18 -19 20 -21 -22 23 -24 25 26 27 28 -29 30 31 32 33 34 -35 -36 37 38 39 40 -41 42 -43 44 45 -46 -47 48 49 50
uf50-012 nn all infinity 0 0.2644433160000972 0 -1 2 3 -4 5 -6 7 -8 -9 -10 -11 -12 -13 -14 15 16 17 -18 -19 20 -21 -22 -23 24 -25 26 -27 -28 -29 30 31 32 33 34 -35 -36 37 38 -39 40 -41 42 -43 44 45 -46 -47 -48 49 -50
uf50-012 nnn all infinity 0 12.809631534000118 15623 1 2 3 -4 5 -6 -7 -8 9 -10 11 12 -13 14 15 -16 17 -18 19 20 21 22 23 -24 -25 -26 -27 -28 29 30 31 32 33 34 35 36 37 38 39 40 -41 42 -43 -44 45 46 47 -48 -49 50
uf50-012 n all infinity 1 0.005672477000189247 0 -1 2 -3 -4 5 6 7 -8 -9 -10 11 -12 -13 14 15 -16 -17 -18 19 20 21 -22 23 24 25 -26 -27 28 29 -30 -31 32 33 34 35 -36 37 -38 -39 -40 -41 -42 -43 44 45 -46 -47 -48 49 -50
uf50-012 nlogn all infinity 1 0.031265176000033534 0 -1 2 3 -4 5 6 7 -8 9 -10 11 -12 -13 14 15 -16 -17 -18 19 20 -21 -22 23 24 25 -26 -27 28 29 30 -31 32 33 34 35 -36 37 -38 -39 40 -41 -42 -43 44 45 -46 -47 -48 49 -50
uf50-012 nn all infinity 1 0.2688196770000104 10613 1 2 3 -4 5 6 -7 -8 9 -10 11 12 -13 -14 15 16 17 -18 -19 20 -21 -22 -23 24 -25 26 27 -28 29 -30 31 32 33 34 35 -36 37 38 -39 40 -41 42 -43 -44 45 46 -47 -48 49 -50
uf50-012 nnn all infinity 1 12.945244943000034 15623 1 2 3 -4 5 -6 -7 -8 9 -10 11 12 -13 14 15 -16 17 -18 19 20 21 22 23 -24 -25 -26 -27 -28 29 30 31 32 33 34 35 36 37 38 39 40 -41 42 -43 -44 45 46 47 -48 -49 50
uf50-012 n all infinity n 0.005618184000013571 0 1 -2 3 4 5 6 7 -8 -9 -10 11 -12 -13 14 15 16 17 18 -19 -20 -21 22 23 24 -25 26 -27 -28 29 30 31 32 33 -34 35 -36 -37 38 -39 40 -41 -42 -43 44 -45 -46 -47 -48 49 -50
uf50-012 nlogn all infinity n 0.031214502000011635 0 1 -2 3 4 5 6 7 -8 -9 -10 11 -12 -13 -14 15 16 17 -18 -19 -20 -21 22 23 24 -25 26 -27 -28 -29 30 31 32 33 -34 35 -36 -37 38 -39 40 -41 42 -43 44 45 -46 -47 -48 49 -50
uf50-012 nn all infinity n 0.2704064469999139 0 1 -2 3 4 5 -6 7 -8 -9 -10 -11 -12 -13 -14 15 16 17 -18 -19 -20 21 -22 -23 24 -25 26 -27 -28 -29 30 31 32 33 -34 35 -36 37 38 -39 40 -41 42 -43 -44 45 -46 -47 -48 49 50
uf50-012 nnn all infinity n 13.78664580099985 15382 1 2 3 4 5 -6 -7 -8 9 -10 11 12 -13 -14 15 -16 17 -18 19 20 21 22 -23 24 -25 26 -27 -28 29 30 31 32 33 34 35 -36 37 38 39 40 -41 42 -43 -44 45 46 47 48 -49 50
uf50-012 n logn n 0 0.00857420500005901 0 1 2 -3 -4 -5 -6 7 8 9 -10 -11 12 13 -14 -15 -16 17 -18 -19 -20 21 -22 -23 -24 -25 -26 -27 28 -29 -30 31 -32 33 -34 -35 -36 37 -38 39 40 -41 -42 -43 44 45 -46 -47 48 -49 -50
uf50-012 nlogn logn n 0 0.04689540300000772 0 1 2 -3 -4 -5 -6 7 8 9 10 11 12 13 14 15 -16 17 -18 19 -20 -21 -22 23 -24 -25 -26 -27 -28 -29 -30 31 -32 33 34 -35 -36 37 38 39 -40 -41 -42 -43 -44 45 -46 47 48 -49 -50
uf50-012 nn logn n 0 0.40179917000000387 12091 1 2 3 4 5 -6 -7 -8 9 -10 -11 12 13 -14 15 16 17 -18 19 -20 21 22 -23 24 -25 26 -27 -28 29 30 31 32 33 34 35 -36 37 38 -39 40 -41 42 -43 -44 45 46 47 -48 49 50
uf50-012 nnn logn n 0 19.978501843000004 15382 1 2 3 4 5 -6 -7 -8 9 -10 11 12 -13 -14 15 -16 17 -18 19 20 21 22 -23 24 -25 26 -27 -28 29 30 31 32 33 34 35 -36 37 38 39 40 -41 42 -43 -44 45 46 47 48 -49 50
uf50-012 n logn n 1 0.00811236899994583 0 1 2 -3 4 5 6 7 8 -9 10 11 -12 13 14 15 -16 17 -18 -19 20 21 22 23 -24 -25 -26 -27 -28 -29 -30 -31 32 -33 34 -35 36 37 -38 39 40 -41 -42 -43 44 45 -46 47 -48 -49 50
uf50-012 nlogn logn n 1 0.0450088830000368 0 1 2 3 -4 5 -6 7 8 -9 10 11 12 13 14 -15 -16 17 -18 19 20 -21 -22 -23 -24 -25 26 -27 -28 -29 -30 31 32 33 34 35 -36 37 -38 39 -40 -41 -42 -43 44 45 46 -47 -48 -49 50
uf50-012 nn logn n 1 0.39531784999985575 12243 1 2 3 -4 5 6 -7 -8 9 -10 -11 12 13 -14 -15 -16 17 -18 19 20 -21 22 23 24 -25 -26 27 -28 29 30 31 32 33 34 35 -36 37 38 -39 -40 -41 42 -43 -44 45 46 -47 -48 49 50
uf50-012 nnn logn n 1 19.8758077949999 15265 1 2 3 4 5 -6 -7 -8 9 -10 11 12 -13 -14 15 -16 17 -18 19 20 21 22 23 24 -25 -26 -27 -28 29 30 31 32 33 34 35 -36 37 38 39 40 -41 42 -43 -44 45 46 47 48 -49 50
uf50-012 n logn n n 0.008330945000125212 0 1 -2 -3 4 5 -6 7 8 9 -10 11 12 13 -14 -15 -16 17 18 -19 -20 21 -22 -23 24 25 26 -27 -28 29 -30 -31 -32 33 -34 35 -36 37 38 39 40 41 42 -43 -44 45 -46 -47 -48 49 -50
uf50-012 nlogn logn n n 0.04595969800016064 0 1 2 3 4 5 -6 -7 -8 9 -10 -11 12 -13 -14 15 16 17 -18 19 20 21 -22 -23 24 -25 26 -27 -28 29 -30 -31 32 33 34 35 -36 37 38 39 40 -41 42 -43 -44 -45 46 47 -48 49 50
uf50-012 nn logn n n 0.4062988860000587 12840 1 2 3 -4 5 -6 -7 -8 9 -10 11 12 13 -14 15 -16 17 -18 19 20 21 22 -23 24 -25 26 -27 -28 29 30 31 32 33 34 35 -36 37 38 -39 40 -41 42 -43 -44 45 46 -47 48 49 50
uf50-012 nnn logn n n 20.513708883000163 14762 1 2 3 4 5 -6 -7 -8 9 -10 11 12 -13 -14 -15 -16 17 -18 19 20 21 22 -23 24 -25 26 -27 -28 29 30 31 32 33 34 35 -36 37 38 39 40 -41 42 -43 -44 45 46 47 48 -49 50
uf50-012 n logn nlogn 0 0.008246890000009444 0 -1 2 3 4 -5 -6 7 -8 9 -10 -11 12 -13 -14 15 -16 -17 -18 19 -20 21 -22 23 24 -25 -26 -27 -28 -29 30 -31 -32 -33 34 35 -36 -37 38 39 40 41 -42 43 -44 45 -46 -47 -48 -49 -50
uf50-012 nlogn logn nlogn 0 0.04541059000007408 0 1 -2 3 4 -5 -6 -7 -8 9 -10 -11 12 -13 -14 15 -16 17 -18 19 -20 21 -22 23 -24 -25 -26 -27 -28 -29 30 31 -32 33 34 -35 -36 37 38 -39 -40 41 -42 43 -44 45 -46 -47 -48 -49 -50
uf50-012 nn logn nlogn 0 0.3954821620000075 11876 1 2 3 4 5 -6 -7 -8 9 -10 -11 -12 13 -14 15 16 17 -18 -19 20 21 22 23 24 -25 26 -27 -28 29 30 -31 32 33 34 35 -36 37 38 -39 40 -41 42 -43 -44 45 46 47 48 49 50
uf50-012 nnn logn nlogn 0 19.919357900000023 15382 1 2 3 4 5 -6 -7 -8 9 -10 11 12 -13 -14 15 -16 17 -18 19 20 21 22 -23 24 -25 26 -27 -28 29 30 31 32 33 34 35 -36 37 38 39 40 -41 42 -43 -44 45 46 47 48 -49 50
uf50-012 n logn nlogn 1 0.008337338000046657 0 1 2 -3 -4 5 -6 -7 -8 9 10 11 12 -13 14 15 -16 -17 18 19 20 -21 22 23 24 -25 26 27 -28 -29 -30 -31 -32 33 34 -35 -36 -37 -38 -39 -40 -41 42 -43 -44 45 46 47 -48 -49 -50
uf50-012 nlogn logn nlogn 1 0.045656308000161516 0 1 2 3 -4 5 -6 -7 -8 9 -10 11 12 -13 -14 15 -16 17 -18 19 20 -21 22 -23 24 -25 -26 -27 -28 -29 -30 -31 32 33 34 35 -36 37 -38 -39 40 -41 -42 -43 -44 45 46 47 -48 -49 -50
uf50-012 nn logn nlogn 1 0.3977372800000012 10936 1 2 3 -4 5 -6 -7 -8 9 -10 11 -12 13 -14 15 16 17 -18 19 -20 -21 22 23 24 -25 26 -27 -28 29 30 -31 32 33 34 35 -36 -37 38 -39 40 -41 42 -43 -44 45 46 47 48 49 50
uf50-012 nnn logn nlogn 1 20.03516950800008 14742 1 2 3 4 5 -6 -7 -8 9 -10 11 12 13 -14 15 16 17 -18 19 20 21 22 -23 24 -25 26 -27 -28 29 30 31 32 33 34 35 -36 37 38 -39 40 -41 42 -43 -44 45 46 47 48 49 50
uf50-012 n logn nlogn n 0.008413047999965784 0 1 -2 3 -4 5 6 -7 8 9 10 11 -12 -13 -14 15 16 -17 18 19 -20 -21 22 23 24 -25 26 -27 -28 -29 -30 -31 32 -33 34 35 -36 -37 38 39 -40 -41 42 43 44 45 46 -47 48 -49 50
uf50-012 nlogn logn nlogn n 0.04628910800010999 0 1 2 3 4 5 -6 -7 -8 9 -10 11 -12 -13 -14 15 16 17 18 -19 -20 21 22 23 24 -25 -26 -27 -28 29 30 31 32 33 34 35 -36 -37 38 -39 40 -41 42 -43 -44 45 46 -47 48 49 50
uf50-012 nn logn nlogn n 0.4051194819999182 13128 1 2 3 4 5 -6 -7 -8 9 -10 11 12 13 -14 -15 -16 17 -18 19 20 21 22 23 24 -25 -26 -27 -28 29 -30 31 32 33 34 35 -36 37 38 -39 40 -41 42 -43 -44 45 46 47 48 49 50
uf50-012 nnn logn nlogn n 20.44260762199997 15379 1 2 3 4 5 -6 -7 -8 9 -10 11 12 -13 -14 15 -16 17 -18 19 20 21 22 -23 24 -25 26 -27 -28 29 30 31 32 33 34 35 -36 37 38 39 40 -41 -42 -43 -44 45 46 47 48 -49 50
uf50-012 n logn nn 0 0.008234780999828217 0 -1 -2 -3 -4 -5 -6 -7 -8 -9 10 -11 12 13 14 15 -16 -17 -18 19 20 21 -22 -23 24 -25 -26 -27 28 29 30 31 32 -33 -34 35 -36 37 -38 39 40 41 -42 -43 -44 45 46 -47 -48 -49 50
uf50-012 nlogn logn nn 0 0.04571122699985608 0 -1 -2 3 -4 -5 -6 -7 -8 9 10 11 12 -13 14 15 -16 -17 -18 19 -20 -21 -22 -23 24 -25 -26 27 28 -29 30 -31 32 -33 34 35 -36 -37 -38 39 40 41 -42 43 -44 -45 -46 -47 -48 49 50
uf50-012 nn logn nn 0 0.39654518599991206 13848 1 2 3 4 5 -6 -7 -8 9 -10 11 12 13 -14 15 16 17 -18 19 20 21 22 -23 24 -25 26 -27 -28 29 30 -31 32 33 34 35 -36 37 38 -39 40 -41 42 -43 -44 45 46 47 48 49 50
uf50-012 nnn logn nn 0 19.84079329899987 14861 1 2 3 4 5 -6 -7 -8 9 -10 11 12 -13 -14 15 -16 17 -18 19 20 21 22 -23 24 -25 26 -27 -28 29 30 31 32 33 34 35 -36 37 38 39 40 -41 42 -43 -44 45 46 -47 48 -49 50
uf50-012 n logn nn 1 0.00826307900001666 0 1 2 3 -4 -5 -6 -7 8 -9 10 -11 12 -13 -14 15 -16 17 18 19 -20 21 -22 23 24 -25 26 -27 -28 29 -30 -31 32 -33 -34 35 -36 37 38 39 -40 -41 42 -43 -44 -45 46 47 48 49 -50
uf50-012 nlogn logn nn 1 0.045221538000078 0 1 -2 3 4 -5 -6 -7 8 9 -10 11 12 -13 -14 15 -16 17 -18 19 -20 21 22 -23 24 -25 -26 -27 -28 29 -30 -31 32 33 34 35 -36 37 38 39 -40 -41 42 -43 -44 45 46 -47 -48 -49 50
uf50-012 nn logn nn 1 0.39162923700018837 13130 1 2 3 4 5 -6 -7 -8 9 -10 11 12 13 -14 15 16 17 -18 19 20 21 -22 -23 24 -25 -26 -27 -28 29 30 31 32 33 34 35 -36 37 38 -39 40 -41 42 -43 -44 45 46 47 48 49 50
uf50-012 nnn logn nn 1 19.805844477000164 15382 1 2 3 4 5 -6 -7 -8 9 -10 11 12 -13 -14 15 -16 17 -18 19 20 21 22 -23 24 -25 26 -27 -28 29 30 31 32 33 34 35 -36 37 38 39 40 -41 42 -43 -44 45 46 47 48 -49 50
uf50-012 n logn nn n 0.00847717300007389 0 -1 -2 3 4 -5 -6 7 8 9 -10 -11 12 -13 -14 -15 -16 17 -18 -19 20 21 22 23 24 -25 -26 -27 28 -29 30 -31 32 33 34 35 -36 37 38 -39 -40 -41 -42 43 44 45 46 -47 48 -49 -50
uf50-012 nlogn logn nn n 0.04627388799985965 0 -1 -2 3 4 -5 -6 7 8 9 -10 -11 12 -13 -14 -15 -16 17 -18 -19 20 21 22 23 24 -25 -26 -27 28 -29 -30 31 32 33 34 35 -36 37 38 39 -40 -41 -42 43 -44 45 46 -47 48 -49 50
uf50-012 nn logn nn n 0.40503475800005617 11069 1 2 3 -4 5 -6 -7 -8 9 -10 -11 12 13 14 -15 -16 17 -18 19 20 21 22 -23 -24 -25 26 -27 -28 29 -30 -31 32 33 34 35 -36 37 38 -39 -40 -41 42 -43 -44 45 46 47 48 49 50
uf50-012 nnn logn nn n 20.270894295000062 15102 1 2 3 -4 5 -6 -7 -8 9 -10 11 12 -13 14 15 -16 17 -18 19 20 21 22 23 -24 -25 -26 -27 -28 29 30 31 32 33 34 35 36 37 38 39 40 -41 42 -43 -44 45 46 -47 -48 -49 50
uf50-012 n logn infinity 0 0.008322715000076641 0 1 2 3 -4 -5 -6 -7 -8 9 10 -11 12 13 14 -15 -16 -17 18 19 20 -21 22 -23 -24 25 26 27 28 29 -30 -31 32 33 34 -35 -36 -37 38 -39 40 41 42 43 -44 -45 46 -47 48 49 50
uf50-012 nlogn logn infinity 0 0.04553970200004187 0 1 2 3 -4 5 -6 -7 -8 9 -10 11 12 13 -14 15 16 17 -18 19 20 -21 22 -23 24 -25 -26 -27 -28 29 30 -31 32 33 -34 35 -36 37 38 -39 40 -41 -42 -43 -44 45 46 -47 48 49 -50
uf50-012 nn logn infinity 0 0.400570167000069 11809 1 2 -3 4 5 -6 -7 -8 9 -10 11 12 -13 -14 -15 -16 17 -18 19 20 21 22 -23 24 -25 26 -27 -28 29 30 -31 32 33 34 35 -36 37 38 -39 40 -41 42 -43 -44 45 46 47 48 49 50
uf50-012 nnn logn infinity 0 20.563512114000105 14625 1 2 3 4 5 -6 -7 -8 9 -10 11 12 13 -14 15 16 17 -18 19 20 21 22 23 24 -25 -26 -27 -28 29 30 31 32 33 34 35 -36 37 38 -39 40 -41 42 -43 -44 45 46 47 48 49 50
uf50-012 n logn infinity 1 0.008548195000003034 0 -1 2 3 -4 5 6 -7 -8 9 -10 -11 12 -13 -14 -15 16 17 18 -19 20 -21 22 -23 24 25 26 27 -28 29 30 -31 -32 33 -34 -35 -36 37 -38 -39 40 -41 42 -43 -44 -45 -46 -47 -48 49 50
uf50-012 nlogn logn infinity 1 0.047160058000145 0 1 2 -3 4 5 6 -7 -8 9 -10 11 -12 13 -14 15 16 17 -18 19 20 -21 -22 23 24 -25 -26 27 -28 -29 30 31 32 33 34 -35 -36 -37 38 -39 -40 -41 42 -43 -44 45 46 -47 48 49 50
uf50-012 nn logn infinity 1 0.4104499669999768 13008 1 2 3 4 5 -6 -7 -8 9 -10 11 12 -13 -14 15 16 17 18 19 -20 21 22 23 24 -25 -26 -27 -28 29 -30 -31 32 33 34 -35 -36 37 38 -39 40 -41 42 -43 -44 45 46 47 48 49 50
uf50-012 nnn logn infinity 1 21.774992230999942 15102 1 2 3 -4 5 -6 -7 -8 9 -10 11 12 -13 14 15 -16 17 -18 19 20 21 22 23 -24 -25 -26 -27 -28 29 30 31 32 33 34 35 36 37 38 39 40 -41 42 -43 -44 45 46 -47 -48 -49 50
uf50-012 n logn infinity n 0.00839376700014327 0 1 2 -3 4 5 6 -7 -8 9 -10 -11 -12 13 -14 -15 16 17 -18 -19 -20 -21 22 -23 24 25 -26 27 -28 29 -30 31 32 33 34 35 -36 37 38 -39 -40 -41 42 -43 -44 -45 46 -47 -48 49 50
uf50-012 nlogn logn infinity n 0.04616165200013711 9543 1 2 -3 -4 5 -6 -7 -8 9 -10 11 12 -13 -14 15 16 17 -18 19 -20 21 22 23 -24 -25 -26 -27 -28 29 30 31 32 33 34 35 -36 37 38 -39 40 -41 42 -43 -44 45 46 47 -48 49 -50
uf50-012 nn logn infinity n 0.40394482500005324 12563 1 2 -3 4 5 -6 -7 -8 9 -10 11 12 13 -14 -15 16 17 -18 19 20 21 -22 23 24 -25 -26 -27 -28 29 30 31 32 33 34 35 -36 37 38 -39 40 -41 42 -43 -44 45 46 47 48 49 50
uf50-012 nnn logn infinity n 20.370980357000008 13954 1 2 3 4 5 -6 -7 -8 9 -10 11 12 13 -14 15 -16 17 -18 19 20 21 22 23 24 -25 -26 -27 -28 29 30 31 32 33 34 35 -36 37 38 -39 40 -41 42 -43 -44 45 46 -47 48 -49 50
uf50-012 n logn_weighted n 0 0.008673090999991473 0 1 2 -3 -4 5 6 7 8 -9 10 11 -12 13 -14 -15 -16 17 -18 -19 -20 -21 -22 23 24 -25 -26 27 -28 -29 -30 -31 32 33 34 35 -36 37 -38 39 -40 -41 -42 -43 -44 45 -46 47 -48 -49 50
uf50-012 nlogn logn_weighted n 0 0.04733759500004453 0 1 2 3 4 5 -6 7 8 -9 10 11 12 13 -14 -15 -16 17 -18 19 20 21 -22 -23 24 -25 -26 -27 -28 -29 -30 31 32 33 34 35 -36 37 -38 39 -40 -41 -42 43 44 45 -46 47 -48 -49 50
uf50-012 nn logn_weighted n 0 0.41944040600014887 0 1 -2 3 -4 5 -6 7 8 -9 10 11 12 13 14 15 -16 17 -18 19 20 -21 -22 -23 24 -25 26 -27 -28 -29 30 31 32 33 34 35 36 37 -38 39 -40 -41 -42 43 44 45 -46 -47 -48 -49 -50
uf50-012 nnn logn_weighted n 0 20.71323223400009 0 1 -2 3 4 5 -6 -7 8 9 10 -11 12 -13 14 15 -16 17 -18 19 20 21 22 23 -24 -25 -26 -27 -28 -29 30 31 -32 33 34 -35 -36 37 -38 39 -40 -41 42 43 44 45 -46 -47 -48 -49 -50
uf50-012 n logn_weighted n 1 0.008675416999949448 0 -1 -2 -3 -4 5 -6 7 8 -9 10 -11 -12 13 14 15 16 -17 -18 -19 -20 -21 -22 23 -24 25 26 27 -28 29 30 -31 -32 -33 -34 35 36 37 -38 39 -40 -41 -42 -43 -44 45 -46 -47 -48 -49 -50
uf50-012 nlogn logn_weighted n 1 0.04738929199993436 0 -1 -2 3 -4 5 6 7 8 -9 10 -11 -12 -13 14 15 16 17 -18 19 -20 -21 22 23 24 -25 -26 -27 -28 29 30 -31 -32 -33 -34 35 -36 37 -38 39 -40 -41 -42 -43 44 45 -46 47 -48 -49 -50
uf50-012 nn logn_weighted n 1 0.4136981050000941 0 -1 2 3 -4 5 -6 -7 -8 -9 10 -11 12 -13 14 15 -16 -17 -18 19 20 -21 22 -23 24 25 26 -27 28 29 30 -31 -32 -33 -34 35 -36 37 -38 -39 -40 -41 -42 -43 -44 -45 -46 47 -48 -49 -50
uf50-012 nnn logn_weighted n 1 20.80906496600005 13359 1 2 3 4 5 -6 -7 -8 9 -10 11 12 13 -14 -15 16 17 -18 19 20 21 22 -23 24 -25 26 -27 -28 29 -30 31 32 33 34 35 -36 37 38 -39 40 -41 42 -43 -44 45 46 47 48 49 50
uf50-012 n logn_weighted n n 0.008839227999942523 0 -1 -2 -3 -4 5 -6 7 8 9 10 -11 -12 13 14 -15 -16 -17 -18 19 -20 -21 22 -23 -24 -25 -26 -27 -28 -29 -30 -31 -32 -33 -34 35 -36 -37 38 39 -40 -41 42 -43 -44 45 -46 47 -48 -49 -50
uf50-012 nlogn logn_weighted n n 0.04828951900003631 0 -1 -2 -3 4 5 -6 7 -8 9 10 -11 12 13 14 15 -16 -17 -18 19 -20 -21 22 -23 -24 -25 -26 -27 -28 -29 -30 31 -32 -33 -34 35 -36 -37 38 -39 -40 -41 42 -43 -44 45 -46 47 -48 -49 -50
uf50-012 nn logn_weighted n n 0.4254192390001208 0 -1 -2 3 -4 5 -6 7 -8 9 10 11 12 -13 14 15 -16 17 -18 19 20 -21 -22 23 24 -25 -26 -27 -28 -29 30 -31 -32 -33 34 35 -36 37 38 -39 -40 -41 42 -43 -44 45 -46 47 -48 -49 -50
uf50-012 nnn logn_weighted n n 21.08260222800004 0 1 -2 3 4 5 -6 -7 -8 9 -10 -11 12 -13 -14 15 16 17 18 19 -20 21 22 -23 24 -25 -26 -27 -28 29 -30 -31 32 33 34 -35 -36 37 38 -39 40 -41 42 -43 -44 45 46 47 48 49 50
uf50-012 n logn_weighted nlogn 0 0.009682682999937242 0 -1 -2 3 4 -5 -6 -7 -8 -9 -10 -11 12 13 -14 15 16 -17 -18 -19 20 21 22 23 -24 25 -26 -27 28 29 -30 31 -32 33 34 -35 -36 37 38 -39 40 41 42 43 -44 45 -46 -47 48 49 50
uf50-012 nlogn logn_weighted nlogn 0 0.053213486000004195 0 -1 -2 3 4 -5 -6 7 -8 -9 -10 -11 12 -13 -14 15 16 17 -18 -19 20 21 22 -23 24 -25 -26 -27 28 29 -30 31 -32 33 34 -35 -36 37 38 39 40 41 42 43 -44 -45 -46 -47 -48 49 50
uf50-012 nn logn_weighted nlogn 0 0.4539789359998849 0 -1 -2 -3 -4 -5 -6 7 8 -9 10 11 12 13 14 15 16 17 -18 -19 -20 21 -22 -23 24 -25 -26 -27 28 29 -30 31 32 33 34 35 -36 37 38 39 40 41 42 -43 -44 -45 -46 -47 -48 49 -50
uf50-012 nnn logn_weighted nlogn 0 20.98856471299996 0 -1 -2 3 4 5 -6 7 -8 9 -10 -11 12 -13 -14 15 16 17 -18 -19 20 21 -22 -23 24 -25 26 -27 -28 -29 30 31 32 33 34 35 -36 37 38 -39 40 -41 42 -43 -44 45 -46 -47 -48 49 50
uf50-012 n logn_weighted nlogn 1 0.00845213299999159 0 1 -2 -3 4 -5 -6 7 -8 9 -10 11 12 -13 -14 -15 -16 17 -18 -19 -20 -21 22 -23 -24 -25 26 -27 -28 -29 30 -31 -32 33 -34 -35 -36 37 38 39 40 -41 -42 -43 -44 45 46 -47 -48 -49 50
uf50-012 nlogn logn_weighted nlogn 1 0.04792515300005107 0 1 -2 -3 4 -5 -6 7 -8 9 10 11 12 -13 14 -15 -16 17 -18 19 -20 -21 -22 23 -24 25 -26 -27 -28 -29 -30 -31 -32 33 -34 -35 36 37 38 39 40 -41 -42 -43 -44 45 46 -47 -48 -49 50
uf50-012 nn logn_weighted nlogn 1 0.4239339440000549 0 1 -2 3 4 -5 -6 7 -8 9 -10 -11 -12 -13 -14 15 16 17 18 -19 -20 21 22 -23 24 25 -26 -27 28 -29 -30 -31 -32 33 -34 -35 -36 -37 38 39 40 -41 -42 -43 -44 45 46 -47 48 -49 50
uf50-012 nnn logn_weighted nlogn 1 20.950750267999865 0 1 2 3 -4 -5 -6 -7 -8 9 -10 11 12 -13 -14 15 -16 17 -18 19 -20 -21 22 -23 24 -25 -26 -27 -28 29 -30 31 32 33 34 35 -36 -37 38 39 40 -41 -42 -43 -44 45 46 47 -48 -49 50
uf50-012 n logn_weighted nlogn n 0.008829309000020658 0 -1 2 3 -4 -5 6 7 -8 9 10 11 12 -13 -14 15 -16 17 18 -19 20 -21 22 -23 24 -25 26 -27 -28 -29 30 -31 -32 -33 -34 -35 -36 37 38 -39 40 -41 42 43 -44 45 -46 47 48 49 50
uf50-012 nlogn logn_weighted nlogn n 0.048381905000042025 0 -1 2 -3 4 -5 -6 7 -8 9 10 11 12 13 -14 15 -16 -17 -18 19 20 -21 22 23 24 -25 -26 27 -28 -29 30 31 -32 -33 34 -35 -36 37 38 -39 40 41 42 -43 -44 45 -46 47 -48 49 50
uf50-012 nn logn_weighted nlogn n 0.41926572600004874 0 -1 2 3 4 -5 -6 7 -8 9 10 -11 12 13 -14 15 16 17 -18 19 20 21 22 -23 24 -25 -26 27 -28 -29 30 31 -32 -33 34 -35 -36 37 38 -39 -40 41 42 43 44 45 -46 -47 -48 49 50
uf50-012 nnn logn_weighted nlogn n 21.11516447200006 0 1 2 3 -4 5 -6 -7 -8 9 -10 -11 12 -13 -14 15 -16 17 -18 19 20 21 -22 23 24 -25 -26 -27 -28 29 30 -31 32 33 -34 35 -36 37 38 -39 40 -41 -42 -43 -44 45 46 47 -48 49 -50
uf50-012 n logn_weighted nn 0 0.008720366000034119 0 1 -2 3 4 5 -6 7 -8 -9 -10 -11 12 -13 -14 -15 16 -17 18 19 20 21 -22 -23 24 25 -26 -27 28 -29 30 31 -32 33 -34 35 -36 37 38 -39 40 41 42 -43 44 45 -46 -47 -48 49 50
uf50-012 nlogn logn_weighted nn 0 0.04728959600015514 0 1 -2 -3 4 5 -6 7 -8 -9 -10 -11 12 -13 -14 -15 16 17 -18 19 20 21 -22 -23 24 -25 26 -27 28 -29 30 31 -32 33 -34 35 -36 37 38 -39 40 41 42 -43 44 45 -46 -47 -48 49 50
uf50-012 nn logn_weighted nn 0 0.4127541849998124 0 1 -2 3 4 5 -6 7 -8 -9 10 -11 12 -13 -14 15 16 17 -18 19 -20 21 -22 -23 24 -25 26 -27 -28 -29 30 31 -32 33 -34 35 -36 37 38 -39 40 41 42 -43 44 45 -46 -47 -48 49 -50
uf50-012 nnn logn_weighted nn 0 20.76278147899984 0 1 2 3 -4 5 -6 7 -8 -9 10 -11 12 13 14 15 -16 17 -18 19 20 21 -22 -23 -24 -25 -26 -27 -28 -29 -30 31 -32 33 34 -35 -36 37 38 -39 -40 -41 42 -43 44 45 -46 47 -48 49 -50
uf50-012 n logn_weighted nn 1 0.00857854000014413 0 -1 2 3 4 5 6 7 -8 9 10 11 12 -13 14 -15 -16 -17 -18 19 -20 -21 22 23 -24 -25 26 -27 28 -29 30 -31 -32 -33 34 -35 -36 37 38 -39 40 -41 42 -43 -44 45 -46 47 -48 49 50
uf50-012 nlogn logn_weighted nn 1 0.04752562700014096 0 -1 2 3 4 5 -6 7 -8 9 10 -11 12 -13 14 -15 -16 17 -18 19 20 21 -22 23 24 -25 -26 -27 -28 -29 30 31 -32 -33 -34 -35 -36 37 38 39 -40 -41 42 -43 -44 45 -46 47 -48 -49 50
uf50-012 nn logn_weighted nn 1 0.42156715600003736 0 -1 2 3 4 5 -6 7 -8 9 10 -11 12 -13 14 15 -16 -17 -18 19 20 21 -22 -23 24 -25 -26 -27 -28 -29 30 -31 -32 -33 -34 -35 -36 37 38 -39 -40 -41 42 -43 -44 45 -46 47 -48 -49 -50
uf50-012 nnn logn_weighted nn 1 20.832583035000425 0 -1 2 -3 4 5 6 7 -8 9 10 -11 12 -13 14 -15 16 17 -18 19 20 -21 -22 -23 24 25 -26 27 -28 -29 30 -31 -32 -33 34 -35 -36 37 38 -39 -40 -41 42 -43 44 45 -46 -47 -48 49 50
uf50-012 n logn_weighted nn n 0.00880642899983286 0 1 2 -3 -4 -5 6 7 8 9 10 -11 12 13 14 15 -16 -17 -18 -19 20 -21 -22 23 -24 -25 -26 -27 -28 29 -30 31 32 33 34 35 -36 37 -38 39 -40 -41 -42 -43 -44 45 46 -47 -48 49 50
uf50-012 nlogn logn_weighted nn n 0.04855861999976696 0 1 2 -3 -4 -5 -6 -7 8 9 10 -11 12 -13 14 15 -16 -17 -18 19 20 21 22 23 -24 -25 -26 -27 -28 29 -30 -31 32 33 34 35 -36 37 -38 39 -40 -41 -42 -43 -44 45 46 47 -48 49 50
uf50-012 nn logn_weighted nn n 0.4272346859997924 0 1 2 3 -4 -5 -6 -7 8 9 10 11 12 -13 14 15 -16 -17 -18 19 20 -21 -22 23 -24 -25 -26 -27 -28 29 -30 -31 32 33 34 35 -36 37 -38 39 40 -41 -42 -43 -44 -45 46 47 -48 49 50
uf50-012 nnn logn_weighted nn n 21.18086619399992 0 -1 -2 3 -4 -5 -6 -7 -8 9 10 11 12 -13 14 15 -16 -17 -18 19 -20 -21 22 -23 24 -25 -26 -27 28 -29 30 -31 32 33 34 35 -36 -37 -38 39 -40 41 -42 -43 -44 -45 46 -47 -48 -49 50
uf50-012 n logn_weighted infinity 0 0.008880034999947384 0 1 2 3 4 5 6 7 -8 9 -10 -11 -12 13 -14 15 16 -17 -18 -19 20 -21 -22 23 24 -25 -26 27 28 -29 30 31 -32 33 34 -35 -36 -37 38 -39 -40 41 42 -43 -44 -45 46 47 48 49 50
uf50-012 nlogn logn_weighted infinity 0 0.048394722000011825 0 1 2 3 4 5 -6 7 -8 9 -10 -11 12 -13 -14 15 16 -17 -18 -19 20 21 -22 23 24 -25 -26 -27 28 -29 30 -31 -32 33 34 -35 -36 -37 38 -39 -40 41 42 -43 -44 -45 46 -47 48 49 50
uf50-012 nn logn_weighted infinity 0 0.42515508599990426 0 1 2 -3 4 5 -6 7 -8 9 -10 11 12 -13 -14 -15 -16 17 -18 19 20 -21 -22 -23 24 25 -26 -27 -28 -29 30 -31 -32 33 34 -35 -36 37 38 -39 40 -41 42 -43 -44 45 46 -47 -48 49 50
uf50-012 nnn logn_weighted infinity 0 20.913579174000006 14868 1 2 3 -4 5 -6 -7 8 9 -10 11 12 -13 14 15 -16 17 -18 19 20 21 22 23 -24 -25 -26 -27 -28 29 -30 31 32 33 34 35 -36 37 38 39 40 -41 -42 -43 -44 45 46 47 -48 -49 50
uf50-012 n logn_weighted infinity 1 0.008876127999883465 0 -1 2 -3 -4 5 -6 -7 -8 9 -10 11 12 -13 -14 15 -16 -17 -18 -19 20 21 -22 23 24 -25 26 -27 -28 29 -30 -31 32 33 34 35 -36 37 -38 -39 40 -41 42 -43 -44 45 46 -47 -48 -49 -50
uf50-012 nlogn logn_weighted infinity 1 0.048824837999745796 0 -1 2 3 4 5 -6 -7 -8 9 -10 11 12 -13 14 -15 -16 17 -18 19 20 21 22 23 24 -25 -26 -27 -28 29 30 -31 32 33 34 35 -36 37 -38 39 40 -41 42 -43 -44 45 46 -47 -48 -49 50
uf50-012 nn logn_weighted infinity 1 0.41951363999987734 0 -1 2 3 4 5 -6 -7 -8 9 -10 11 12 -13 14 -15 -16 17 -18 19 20 21 22 23 24 -25 -26 -27 -28 29 30 -31 32 33 34 35 -36 37 -38 39 40 -41 42 -43 -44 45 46 -47 -48 -49 50
uf50-012 nnn logn_weighted infinity 1 20.93873768100002 14625 1 2 3 4 5 -6 -7 -8 9 -10 11 12 13 -14 15 16 17 -18 19 20 21 22 23 24 -25 -26 -27 -28 29 30 31 32 33 34 35 -36 37 38 -39 40 -41 42 -43 -44 45 46 47 48 49 50
uf50-012 n logn_weighted infinity n 0.008617809000043053 0 -1 2 3 -4 -5 6 7 8 -9 10 -11 12 -13 -14 15 16 -17 -18 19 20 -21 22 23 -24 25 -26 -27 28 -29 -30 31 32 33 -34 -35 -36 37 38 -39 -40 -41 -42 -43 -44 45 46 47 48 49 50
uf50-012 nlogn logn_weighted infinity n 0.04783921199987162 0 -1 2 3 -4 -5 -6 7 8 -9 10 11 -12 13 14 15 16 -17 -18 -19 -20 -21 22 23 -24 -25 26 -27 -28 -29 -30 31 32 33 34 35 -36 37 38 39 -40 -41 -42 -43 -44 45 46 47 -48 49 50
uf50-012 nn logn_weighted infinity n 0.42173196500016275 0 -1 2 3 -4 -5 -6 7 8 -9 -10 11 -12 -13 14 -15 16 -17 -18 -19 -20 -21 -22 23 24 25 26 -27 28 -29 -30 31 32 33 34 35 -36 37 38 39 40 -41 -42 -43 -44 45 46 -47 -48 49 50
uf50-012 nnn logn_weighted infinity n 21.190179083000203 0 1 2 3 -4 -5 -6 -7 8 9 -10 11 12 -13 14 15 -16 17 -18 19 20 -21 22 23 -24 -25 -26 -27 -28 29 -30 -31 32 33 34 35 -36 37 -38 39 40 -41 42 -43 -44 45 46 47 -48 -49 50
