uf20-01 n all n 0 0.0019405300000059356 0 -1 2 3 4 5 -6 7 -8 9 10 11 12 13 -14 -15 16 17 -18 -19 -20
uf20-01 nlogn all n 0 0.008130526000002192 28818 -1 -2 3 4 -5 6 7 -8 9 10 11 12 13 -14 -15 -16 17 -18 -19 -20
uf20-01 nn all n 0 0.03743066000000539 43759 1 2 3 4 -5 6 7 8 9 10 11 12 -13 14 -15 16 17 18 19 20
uf20-01 nnn all n 0 0.7270128450000044 43759 1 2 3 4 -5 6 7 8 9 10 11 12 -13 14 -15 16 17 18 19 20
uf20-01 n all n 1 0.0018343410000056792 0 1 2 3 -4 -5 -6 -7 -8 9 10 -11 -12 13 14 -15 -16 17 18 19 20
uf20-01 nlogn all n 1 0.007981413000003101 37229 1 2 3 4 -5 -6 -7 -8 9 10 11 12 -13 14 -15 -16 17 18 19 20
uf20-01 nn all n 1 0.03634210999999965 43759 1 2 3 4 -5 6 7 8 9 10 11 12 -13 14 -15 16 17 18 19 20
uf20-01 nnn all n 1 0.7293862450000006 43759 1 2 3 4 -5 6 7 8 9 10 11 12 -13 14 -15 16 17 18 19 20
uf20-01 n all n n 0.0018673420000041574 0 -1 -2 3 -4 -5 -6 -7 8 9 -10 11 12 13 -14 -15 16 17 -18 -19 -20
uf20-01 nlogn all n n 0.008087068000001807 24268 -1 -2 3 4 -5 -6 -7 -8 9 10 11 12 13 -14 -15 -16 17 -18 -19 -20
uf20-01 nn all n n 0.03663577500000059 43759 1 2 3 4 -5 6 7 8 9 10 11 12 -13 14 -15 16 17 18 19 20
uf20-01 nnn all n n 0.7308680599999988 43759 1 2 3 4 -5 6 7 8 9 10 11 12 -13 14 -15 16 17 18 19 20
uf20-01 n all nlogn 0 0.0018411710000023618 0 1 2 -3 -4 5 6 7 8 9 10 11 12 -13 14 -15 -16 -17 18 -19 20
uf20-01 nlogn all nlogn 0 0.0078970819999995 0 1 2 -3 -4 5 6 7 -8 9 10 11 12 -13 14 -15 -16 -17 18 19 20
uf20-01 nn all nlogn 0 0.03475541799999604 43759 1 2 3 4 -5 6 7 8 9 10 11 12 -13 14 -15 16 17 18 19 20
uf20-01 nnn all nlogn 0 0.6800269029999981 43759 1 2 3 4 -5 6 7 8 9 10 11 12 -13 14 -15 16 17 18 19 20
uf20-01 n all nlogn 1 0.001863245999999208 0 -1 2 -3 4 -5 -6 -7 8 9 10 -11 12 -13 14 15 -16 17 18 -19 -20
uf20-01 nlogn all nlogn 1 0.007869458000001828 30860 1 2 -3 4 -5 -6 -7 8 9 10 -11 12 -13 14 -15 -16 17 -18 19 -20
uf20-01 nn all nlogn 1 0.03488884700000483 43759 1 2 3 4 -5 6 7 8 9 10 11 12 -13 14 -15 16 17 18 19 20
uf20-01 nnn all nlogn 1 0.6803972840000014 43759 1 2 3 4 -5 6 7 8 9 10 11 12 -13 14 -15 16 17 18 19 20
uf20-01 n all nlogn n 0.001859533000001079 0 -1 -2 3 -4 -5 6 -7 -8 -9 -10 11 -12 13 14 -15 -16 17 -18 -19 20
uf20-01 nlogn all nlogn n 0.007777683000000479 28952 1 -2 3 4 -5 6 -7 -8 -9 10 11 -12 -13 14 -15 -16 17 -18 -19 20
uf20-01 nn all nlogn n 0.03495016500000503 43759 1 2 3 4 -5 6 7 8 9 10 11 12 -13 14 -15 16 17 18 19 20
uf20-01 nnn all nlogn n 0.6972756279999999 43759 1 2 3 4 -5 6 7 8 9 10 11 12 -13 14 -15 16 17 18 19 20
uf20-01 n all nn 0 0.0018150869999971064 0 1 -2 -3 4 5 -6 7 -8 9 10 11 12 13 -14 -15 -16 -17 -18 -19 20
uf20-01 nlogn all nn 0 0.007733181999995509 34971 1 -2 3 4 -5 6 7 -8 9 10 11 12 13 -14 -15 -16 17 -18 -19 20
uf20-01 nn all nn 0 0.0343874900000003 43759 1 2 3 4 -5 6 7 8 9 10 11 12 -13 14 -15 16 17 18 19 20
uf20-01 nnn all nn 0 0.6450672040000001 43759 1 2 3 4 -5 6 7 8 9 10 11 12 -13 14 -15 16 17 18 19 20
uf20-01 n all nn 1 0.0017941149999955996 0 -1 2 -3 4 -5 6 7 8 -9 -10 -11 12 -13 -14 -15 16 17 -18 -19 -20
uf20-01 nlogn all nn 1 0.007774157999996589 30460 1 2 -3 4 -5 6 7 8 -9 10 -11 12 -13 14 -15 -16 17 -18 -19 -20
uf20-01 nn all nn 1 0.03443514299999606 43759 1 2 3 4 -5 6 7 8 9 10 11 12 -13 14 -15 16 17 18 19 20
uf20-01 nnn all nn 1 0.6463194199999975 43759 1 2 3 4 -5 6 7 8 9 10 11 12 -13 14 -15 16 17 18 19 20
uf20-01 n all nn n 0.001817866000003221 0 1 -2 -3 -4 5 6 -7 -8 -9 -10 11 -12 13 14 15 -16 -17 -18 -19 20
uf20-01 nlogn all nn n 0.007740294000001313 20417 1 -2 -3 4 -5 6 -7 -8 -9 -10 -11 -12 13 14 15 -16 17 -18 -19 20
uf20-01 nn all nn n 0.03506947800000404 43759 1 2 3 4 -5 6 7 8 9 10 11 12 -13 14 -15 16 17 18 19 20
uf20-01 nnn all nn n 0.6830783099999991 43759 1 2 3 4 -5 6 7 8 9 10 11 12 -13 14 -15 16 17 18 19 20
uf20-01 n all infinity 0 0.001854762000000676 0 1 2 -3 4 5 6 7 -8 9 10 -11 12 13 14 -15 16 -17 18 19 20
uf20-01 nlogn all infinity 0 0.007898386000000812 0 1 2 -3 4 5 6 7 -8 9 10 11 12 -13 14 -15 16 -17 18 19 20
uf20-01 nn all infinity 0 0.03447477699999979 43759 1 2 3 4 -5 6 7 8 9 10 11 12 -13 14 -15 16 17 18 19 20
uf20-01 nnn all infinity 0 0.6100083380000001 43759 1 2 3 4 -5 6 7 8 9 10 11 12 -13 14 -15 16 17 18 19 20
uf20-01 n all infinity 1 0.0018399900000005687 0 -1 -2 -3 -4 5 -6 -7 8 9 10 11 12 -13 14 -15 -16 -17 18 -19 -20
uf20-01 nlogn all infinity 1 0.007738334999999097 0 1 -2 -3 -4 5 -6 7 -8 9 10 11 12 -13 14 -15 -16 -17 18 19 -20
uf20-01 nn all infinity 1 0.03455119400000228 0 1 2 -3 -4 5 -6 7 -8 9 10 11 12 -13 14 -15 -16 -17 18 19 20
uf20-01 nnn all infinity 1 0.609418337000001 43759 1 2 3 4 -5 6 7 8 9 10 11 12 -13 14 -15 16 17 18 19 20
uf20-01 n all infinity n 0.001885680999997419 0 -1 -2 -3 -4 -5 6 -7 -8 9 -10 -11 12 -13 14 -15 -16 17 18 -19 -20
uf20-01 nlogn all infinity n 0.0077072449999988635 27811 1 -2 -3 4 -5 6 -7 -8 9 10 -11 12 -13 14 -15 -16 17 -18 -19 -20
uf20-01 nn all infinity n 0.03457852700000075 43759 1 2 3 4 -5 6 7 8 9 10 11 12 -13 14 -15 16 17 18 19 20
uf20-01 nnn all infinity n 0.6619184770000004 43759 1 2 3 4 -5 6 7 8 9 10 11 12 -13 14 -15 16 17 18 19 20
uf20-01 n logn n 0 0.0030700569999950744 0 -1 2 3 -4 -5 6 7 8 9 10 11 12 -13 -14 -15 16 17 -18 19 -20
uf20-01 nlogn logn n 0 0.012969922999999994 38715 1 2 3 -4 -5 6 7 -8 9 10 11 12 -13 14 -15 16 17 -18 19 20
uf20-01 nn logn n 0 0.05861729699999785 41490 1 2 3 4 -5 6 -7 8 9 10 11 12 -13 14 -15 -16 17 18 19 20
uf20-01 nnn logn n 0 1.1587671309999976 43759 1 2 3 4 -5 6 7 8 9 10 11 12 -13 14 -15 16 17 18 19 20
uf20-01 n logn n 1 0.003011064999995483 0 -1 2 3 4 -5 -6 -7 8 9 10 -11 -12 13 14 15 -16 17 18 19 20
uf20-01 nlogn logn n 1 0.013038862999998457 35125 1 2 3 4 -5 -6 -7 8 9 10 11 -12 -13 14 15 -16 17 18 19 20
uf20-01 nn logn n 1 0.05834367599999979 43413 1 2 3 4 -5 6 7 8 9 10 11 12 -13 14 -15 -16 17 18 19 20
uf20-01 nnn logn n 1 1.1567741699999985 43759 1 2 3 4 -5 6 7 8 9 10 11 12 -13 14 -15 16 17 18 19 20
uf20-01 n logn n n 0.0029417470000012713 0 1 -2 -3 -4 -5 6 -7 -8 9 -10 11 12 -13 -14 -15 -16 17 -18 19 20
uf20-01 nlogn logn n n 0.01292374500000193 29207 1 -2 -3 4 -5 6 -7 -8 9 10 11 -12 -13 14 -15 -16 17 -18 -19 20
uf20-01 nn logn n n 0.05880869399999966 43413 1 2 3 4 -5 6 7 8 9 10 11 12 -13 14 -15 -16 17 18 19 20
uf20-01 nnn logn n n 1.1670789110000044 43759 1 2 3 4 -5 6 7 8 9 10 11 12 -13 14 -15 16 17 18 19 20
uf20-01 n logn nlogn 0 0.0030658960000025104 0 1 -2 3 4 -5 6 -7 -8 9 10 -11 12 -13 -14 15 -16 17 -18 -19 20
uf20-01 nlogn logn nlogn 0 0.012840902000000654 38875 1 -2 -3 4 -5 6 7 8 9 10 11 12 -13 14 -15 -16 17 -18 19 20
uf20-01 nn logn nlogn 0 0.05839517900000146 43413 1 2 3 4 -5 6 7 8 9 10 11 12 -13 14 -15 -16 17 18 19 20
uf20-01 nnn logn nlogn 0 1.154127029999998 43759 1 2 3 4 -5 6 7 8 9 10 11 12 -13 14 -15 16 17 18 19 20
uf20-01 n logn nlogn 1 0.0029084680000011076 33817 -1 2 3 4 -5 6 -7 -8 -9 10 11 12 -13 14 -15 -16 17 18 19 20
uf20-01 nlogn logn nlogn 1 0.012649340999999481 41490 1 2 3 4 -5 6 -7 8 9 10 11 12 -13 14 -15 -16 17 18 19 20
uf20-01 nn logn nlogn 1 0.05785880500000218 43413 1 2 3 4 -5 6 7 8 9 10 11 12 -13 14 -15 -16 17 18 19 20
uf20-01 nnn logn nlogn 1 1.1517903120000028 43759 1 2 3 4 -5 6 7 8 9 10 11 12 -13 14 -15 16 17 18 19 20
uf20-01 n logn nlogn n 0.0030217270000036933 0 1 -2 -3 -4 -5 -6 7 8 9 -10 -11 -12 -13 -14 -15 16 17 -18 -19 -20
uf20-01 nlogn logn nlogn n 0.013004530000003456 0 -1 -2 -3 4 -5 6 7 8 9 10 11 12 13 -14 -15 16 17 -18 -19 -20
uf20-01 nn logn nlogn n 0.05815728200000336 39856 1 2 3 4 -5 6 -7 -8 9 10 11 12 -13 14 -15 -16 17 18 19 20
uf20-01 nnn logn nlogn n 1.1625365089999988 43759 1 2 3 4 -5 6 7 8 9 10 11 12 -13 14 -15 16 17 18 19 20
uf20-01 n logn nn 0 0.002831959000005213 0 1 -2 3 4 -5 6 7 8 -9 -10 -11 12 13 -14 15 16 17 -18 -19 20
uf20-01 nlogn logn nn 0 0.012741810000001408 0 1 -2 3 4 -5 -6 7 8 9 10 -11 -12 13 -14 15 -16 17 -18 -19 20
uf20-01 nn logn nn 0 0.05788326500000096 41301 1 -2 3 4 -5 6 7 8 9 10 11 12 -13 14 -15 -16 17 -18 19 20
uf20-01 nnn logn nn 0 1.1495093190000034 43759 1 2 3 4 -5 6 7 8 9 10 11 12 -13 14 -15 16 17 18 19 20
uf20-01 n logn nn 1 0.002957320000000152 0 -1 2 3 -4 -5 6 -7 -8 9 10 -11 12 -13 -14 -15 -16 17 -18 -19 -20
uf20-01 nlogn logn nn 1 0.01272970999999501 36282 1 2 -3 4 -5 6 -7 8 9 10 -11 12 -13 14 -15 -16 17 -18 19 20
uf20-01 nn logn nn 1 0.057310666999995874 43759 1 2 3 4 -5 6 7 8 9 10 11 12 -13 14 -15 16 17 18 19 20
uf20-01 nnn logn nn 1 1.1455516169999953 43759 1 2 3 4 -5 6 7 8 9 10 11 12 -13 14 -15 16 17 18 19 20
uf20-01 n logn nn n 0.0030651920000011046 0 -1 -2 3 4 -5 -6 -7 8 9 -10 11 -12 13 14 -15 16 -17 18 -19 -20
uf20-01 nlogn logn nn n 0.01298600500000191 0 1 -2 3 4 -5 -6 -7 8 9 10 11 -12 -13 14 -15 16 17 18 -19 -20
uf20-01 nn logn nn n 0.05728145199999801 33819 1 2 3 -4 -5 -6 -7 -8 9 10 11 12 -13 14 -15 -16 17 -18 19 20
uf20-01 nnn logn nn n 1.1548975250000026 43413 1 2 3 4 -5 6 7 8 9 10 11 12 -13 14 -15 -16 17 18 19 20
uf20-01 n logn infinity 0 0.003032755999996084 39517 1 2 3 4 -5 6 -7 -8 9 10 11 12 -13 14 -15 -16 17 -18 19 20
uf20-01 nlogn logn infinity 0 0.012892655999998226 39517 1 2 3 4 -5 6 -7 -8 9 10 11 12 -13 14 -15 -16 17 -18 19 20
uf20-01 nn logn infinity 0 0.05676247799999601 43413 1 2 3 4 -5 6 7 8 9 10 11 12 -13 14 -15 -16 17 18 19 20
uf20-01 nnn logn infinity 0 1.1266737819999975 43413 1 2 3 4 -5 6 7 8 9 10 11 12 -13 14 -15 -16 17 18 19 20
uf20-01 n logn infinity 1 0.0029241040000016483 0 1 -2 3 4 -5 6 -7 8 -9 -10 11 -12 13 14 -15 -16 17 18 -19 -20
uf20-01 nlogn logn infinity 1 0.012854261000001088 25254 -1 2 3 4 -5 6 -7 -8 -9 10 11 -12 13 14 -15 -16 17 -18 -19 -20
uf20-01 nn logn infinity 1 0.058214108000001374 43413 1 2 3 4 -5 6 7 8 9 10 11 12 -13 14 -15 -16 17 18 19 20
uf20-01 nnn logn infinity 1 1.1230499819999977 43759 1 2 3 4 -5 6 7 8 9 10 11 12 -13 14 -15 16 17 18 19 20
uf20-01 n logn infinity n 0.003013399000003858 26094 -1 -2 -3 -4 -5 6 7 -8 9 10 11 12 -13 14 -15 16 17 -18 -19 -20
uf20-01 nlogn logn infinity n 0.01305304200000279 40279 1 2 3 4 -5 6 7 8 9 10 11 12 -13 14 -15 -16 17 -18 19 -20
uf20-01 nn logn infinity n 0.058168127000001846 43074 1 2 3 4 -5 6 7 8 9 10 11 12 -13 14 -15 -16 17 -18 19 20
uf20-01 nnn logn infinity n 1.138354955000004 43413 1 2 3 4 -5 6 7 8 9 10 11 12 -13 14 -15 -16 17 18 19 20
uf20-01 n logn_weighted n 0 0.0032301020000033986 0 -1 2 3 4 5 6 -7 8 -9 10 11 12 -13 14 -15 -16 17 18 19 20
uf20-01 nlogn logn_weighted n 0 0.013662052000000813 0 -1 2 3 4 5 6 -7 8 -9 10 11 12 -13 14 -15 -16 17 18 19 20
uf20-01 nn logn_weighted n 0 0.06201977400000658 0 1 2 -3 -4 5 6 7 -8 9 10 11 12 -13 14 -15 -16 -17 18 19 20
uf20-01 nnn logn_weighted n 0 1.2075307310000056 20813 1 -2 3 4 5 -6 7 -8 9 10 -11 -12 -13 -14 15 -16 -17 -18 -19 20
uf20-01 n logn_weighted n 1 0.003157923999999923 0 1 2 3 4 5 6 7 -8 -9 10 11 12 -13 14 15 16 17 -18 19 20
uf20-01 nlogn logn_weighted n 1 0.01345190400000007 0 1 2 -3 4 5 -6 7 -8 9 10 11 12 -13 14 -15 16 17 18 19 20
uf20-01 nn logn_weighted n 1 0.06058055099999393 0 1 2 -3 4 5 -6 7 -8 9 10 11 12 -13 14 -15 16 17 18 19 20
uf20-01 nnn logn_weighted n 1 1.2572593969999986 20813 1 -2 3 4 5 -6 7 -8 9 10 -11 -12 -13 -14 15 -16 -17 -18 -19 20
uf20-01 n logn_weighted n n 0.0034778449999990357 0 1 -2 -3 -4 5 6 7 -8 9 -10 -11 -12 -13 -14 -15 16 -17 18 19 20
uf20-01 nlogn logn_weighted n n 0.014790279000003181 0 1 2 -3 4 5 -6 7 -8 9 10 11 12 -13 14 -15 16 -17 18 19 20
uf20-01 nn logn_weighted n n 0.06818171100000114 20813 1 -2 3 4 5 -6 7 -8 9 10 -11 -12 -13 -14 15 -16 -17 -18 -19 20
uf20-01 nnn logn_weighted n n 1.2914745409999995 43759 1 2 3 4 -5 6 7 8 9 10 11 12 -13 14 -15 16 17 18 19 20
uf20-01 n logn_weighted nlogn 0 0.003278108000003499 0 -1 -2 3 -4 -5 6 7 8 -9 -10 -11 12 -13 -14 -15 16 17 -18 19 20
uf20-01 nlogn logn_weighted nlogn 0 0.01362424999999945 0 1 -2 3 -4 -5 6 7 -8 -9 -10 -11 12 -13 -14 -15 16 17 -18 19 20
uf20-01 nn logn_weighted nlogn 0 0.061152560000003575 31322 1 -2 3 4 -5 -6 -7 8 9 10 11 -12 13 14 -15 -16 17 -18 -19 20
uf20-01 nnn logn_weighted nlogn 0 1.2302953559999992 43413 1 2 3 4 -5 6 7 8 9 10 11 12 -13 14 -15 -16 17 18 19 20
uf20-01 n logn_weighted nlogn 1 0.0031161440000033735 0 1 2 3 4 5 -6 7 8 -9 10 11 12 13 -14 15 -16 17 -18 -19 20
uf20-01 nlogn logn_weighted nlogn 1 0.01338862600000823 0 1 2 3 4 5 -6 7 8 9 10 11 12 13 -14 15 -16 17 -18 -19 20
uf20-01 nn logn_weighted nlogn 1 0.06091697900001236 0 1 -2 3 4 5 -6 -7 -8 9 10 -11 12 13 -14 15 -16 17 -18 -19 20
uf20-01 nnn logn_weighted nlogn 1 1.2304592939999992 43413 1 2 3 4 -5 6 7 8 9 10 11 12 -13 14 -15 -16 17 18 19 20
uf20-01 n logn_weighted nlogn n 0.0030555470000024343 0 1 2 -3 -4 -5 -6 -7 -8 9 10 11 12 13 -14 15 -16 -17 -18 -19 20
uf20-01 nlogn logn_weighted nlogn n 0.013536849000004736 0 1 2 -3 -4 -5 -6 -7 -8 -9 10 11 12 13 -14 15 -16 17 -18 -19 20
uf20-01 nn logn_weighted nlogn n 0.06192036400000234 24240 1 -2 3 4 -5 -6 -7 -8 9 10 -11 -12 13 -14 15 -16 17 -18 -19 20
uf20-01 nnn logn_weighted nlogn n 1.2394315450000022 38809 1 2 3 4 -5 6 -7 8 -9 10 11 12 -13 14 -15 -16 17 18 19 20
uf20-01 n logn_weighted nn 0 0.003263353000008351 0 1 2 3 4 -5 -6 -7 -8 9 -10 11 -12 -13 14 -15 -16 17 18 -19 20
uf20-01 nlogn logn_weighted nn 0 0.013424803000006591 43413 1 2 3 4 -5 6 7 8 9 10 11 12 -13 14 -15 -16 17 18 19 20
uf20-01 nn logn_weighted nn 0 0.061149071000002664 43413 1 2 3 4 -5 6 7 8 9 10 11 12 -13 14 -15 -16 17 18 19 20
uf20-01 nnn logn_weighted nn 0 1.220456095000003 43759 1 2 3 4 -5 6 7 8 9 10 11 12 -13 14 -15 16 17 18 19 20
uf20-01 n logn_weighted nn 1 0.0032272819999974445 0 1 2 3 -4 5 -6 7 -8 9 -10 -11 12 13 -14 -15 16 17 -18 19 -20
uf20-01 nlogn logn_weighted nn 1 0.013889014999989513 0 -1 2 3 4 5 6 7 -8 -9 10 11 12 13 14 -15 -16 17 -18 -19 -20
uf20-01 nn logn_weighted nn 1 0.06131235499999832 0 -1 -2 3 4 5 -6 7 -8 9 10 11 12 13 -14 -15 -16 17 -18 -19 -20
uf20-01 nnn logn_weighted nn 1 1.2206474759999963 0 -1 -2 3 4 5 -6 7 -8 9 10 11 12 13 -14 -15 -16 17 -18 -19 -20
uf20-01 n logn_weighted nn n 0.0030315759999979264 0 1 -2 3 4 -5 6 -7 -8 9 10 -11 -12 13 14 15 16 17 -18 -19 20
uf20-01 nlogn logn_weighted nn n 0.013537100999997165 0 1 -2 3 4 -5 6 -7 -8 9 -10 -11 -12 13 14 15 16 17 -18 -19 20
uf20-01 nn logn_weighted nn n 0.06176584099999616 33949 1 -2 3 4 -5 6 -7 8 9 10 11 -12 13 14 -15 -16 17 -18 -19 20
uf20-01 nnn logn_weighted nn n 1.2290150479999937 43413 1 2 3 4 -5 6 7 8 9 10 11 12 -13 14 -15 -16 17 18 19 20
uf20-01 n logn_weighted infinity 0 0.0031437610000040195 0 1 -2 -3 -4 5 -6 7 -8 9 -10 11 12 -13 -14 -15 -16 -17 18 19 -20
uf20-01 nlogn logn_weighted infinity 0 0.013673780000004854 0 1 2 -3 4 5 6 7 -8 9 10 11 12 -13 14 -15 16 -17 18 19 20
uf20-01 nn logn_weighted infinity 0 0.06081079800000566 0 1 2 -3 4 5 6 7 -8 9 10 11 12 -13 14 -15 16 -17 18 19 20
uf20-01 nnn logn_weighted infinity 0 1.1915566779999978 20813 1 -2 3 4 5 -6 7 -8 9 10 -11 -12 -13 -14 15 -16 -17 -18 -19 20
uf20-01 n logn_weighted infinity 1 0.0031681290000022955 0 -1 2 -3 4 -5 6 7 8 -9 10 11 12 -13 -14 15 16 17 18 19 20
uf20-01 nlogn logn_weighted infinity 1 0.013459092999994482 0 -1 2 -3 -4 -5 -6 -7 8 9 10 11 -12 -13 14 15 16 17 18 19 20
uf20-01 nn logn_weighted infinity 1 0.06105456199999537 0 1 -2 -3 4 -5 6 -7 8 9 -10 11 -12 13 14 15 -16 17 18 -19 20
uf20-01 nnn logn_weighted infinity 1 1.211163807999995 43074 1 2 3 4 -5 6 7 8 9 10 11 12 -13 14 -15 -16 17 -18 19 20
uf20-01 n logn_weighted infinity n 0.003217972000001623 0 1 -2 -3 -4 5 -6 7 -8 9 -10 11 12 -13 14 15 16 -17 18 19 20
uf20-01 nlogn logn_weighted infinity n 0.013388035000005516 0 1 2 -3 -4 5 -6 7 -8 9 10 11 12 -13 14 15 16 -17 18 19 20
uf20-01 nn logn_weighted infinity n 0.061481277000012824 0 1 2 -3 4 5 -6 7 -8 9 10 11 12 -13 14 15 16 -17 18 19 20
uf20-01 nnn logn_weighted infinity n 1.22439158600001 43413 1 2 3 4 -5 6 7 8 9 10 11 12 -13 14 -15 -16 17 18 19 20
