uf20-01 n all n 0 0.0019536570000013853 0 1 2 3 4 -5 -6 7 -8 9 -10 11 12 13 14 15 -16 17 18 -19 20
uf20-01 nlogn all n 0 0.008381587000002355 0 1 2 3 4 -5 -6 7 -8 9 10 11 12 -13 14 -15 -16 17 18 -19 20
uf20-01 nn all n 0 0.03831014200000027 1574 1 2 3 4 -5 6 7 8 9 10 11 12 -13 14 -15 16 17 18 19 20
uf20-01 nnn all n 0 0.7341683580000051 1574 1 2 3 4 -5 6 7 8 9 10 11 12 -13 14 -15 16 17 18 19 20
uf20-01 n all n 1 0.001901731999993217 0 -1 -2 -3 -4 5 -6 7 -8 9 10 11 -12 -13 -14 -15 16 -17 -18 -19 -20
uf20-01 nlogn all n 1 0.008192401999991716 0 -1 -2 -3 -4 -5 -6 7 -8 9 10 11 12 -13 -14 -15 16 17 -18 -19 -20
uf20-01 nn all n 1 0.03686768000000029 1574 1 2 3 4 -5 6 7 8 9 10 11 12 -13 14 -15 16 17 18 19 20
uf20-01 nnn all n 1 0.730444066000004 1574 1 2 3 4 -5 6 7 8 9 10 11 12 -13 14 -15 16 17 18 19 20
uf20-01 n all n n 0.0019227520000129061 0 1 2 3 4 5 -6 7 -8 -9 10 11 12 -13 14 -15 16 -17 18 -19 -20
uf20-01 nlogn all n n 0.00820450300000175 0 1 -2 3 4 5 -6 7 -8 -9 10 11 12 -13 14 -15 -16 -17 -18 -19 20
uf20-01 nn all n n 0.037813038000010124 0 1 -2 3 4 5 -6 7 -8 -9 10 11 12 -13 14 -15 -16 -17 -18 -19 20
uf20-01 nnn all n n 0.7445948410000085 1574 1 2 3 4 -5 6 7 8 9 10 11 12 -13 14 -15 16 17 18 19 20
uf20-01 n all nlogn 0 0.0019229920000043421 0 1 -2 -3 4 -5 -6 -7 8 -9 -10 -11 12 13 14 -15 -16 17 -18 -19 -20
uf20-01 nlogn all nlogn 0 0.007888403000009703 708 1 -2 3 4 -5 6 -7 8 -9 10 -11 -12 13 14 -15 -16 17 -18 -19 -20
uf20-01 nn all nlogn 0 0.03503157000000101 1066 1 -2 3 4 -5 6 7 8 9 10 11 12 13 -14 -15 -16 17 -18 -19 20
uf20-01 nnn all nlogn 0 0.694345367000011 1066 1 -2 3 4 -5 6 7 8 9 10 11 12 13 -14 -15 -16 17 -18 -19 20
uf20-01 n all nlogn 1 0.001869958000000338 0 -1 -2 -3 -4 5 -6 -7 -8 9 10 -11 -12 13 -14 15 -16 -17 18 -19 -20
uf20-01 nlogn all nlogn 1 0.007884940000010943 0 -1 -2 -3 4 -5 -6 -7 -8 9 10 -11 -12 13 -14 15 -16 17 -18 -19 -20
uf20-01 nn all nlogn 1 0.03513529700001072 977 1 -2 3 4 -5 6 -7 8 9 10 11 -12 13 14 -15 -16 17 -18 -19 20
uf20-01 nnn all nlogn 1 0.6884713470000037 1574 1 2 3 4 -5 6 7 8 9 10 11 12 -13 14 -15 16 17 18 19 20
uf20-01 n all nlogn n 0.0019249059999992824 0 1 2 -3 4 -5 -6 -7 8 -9 10 -11 12 -13 14 15 -16 17 18 -19 -20
uf20-01 nlogn all nlogn n 0.007963554999989242 728 1 2 3 4 -5 -6 7 8 -9 10 -11 12 -13 14 -15 -16 17 -18 -19 -20
uf20-01 nn all nlogn n 0.035796351999991316 1574 1 2 3 4 -5 6 7 8 9 10 11 12 -13 14 -15 16 17 18 19 20
uf20-01 nnn all nlogn n 0.7056455439999922 1574 1 2 3 4 -5 6 7 8 9 10 11 12 -13 14 -15 16 17 18 19 20
uf20-01 n all nn 0 0.001868532999992567 0 -1 2 -3 -4 -5 -6 7 8 -9 -10 11 12 -13 -14 -15 -16 17 18 19 -20
uf20-01 nlogn all nn 0 0.007878766999994014 794 -1 2 -3 4 -5 -6 7 8 9 10 11 12 -13 -14 -15 -16 17 -18 19 -20
uf20-01 nn all nn 0 0.034952829999994606 1574 1 2 3 4 -5 6 7 8 9 10 11 12 -13 14 -15 16 17 18 19 20
uf20-01 nnn all nn 0 0.6610143099999988 1574 1 2 3 4 -5 6 7 8 9 10 11 12 -13 14 -15 16 17 18 19 20
uf20-01 n all nn 1 0.0019141129999979967 0 1 -2 -3 4 -5 -6 7 -8 9 -10 11 -12 -13 -14 -15 16 17 18 19 20
uf20-01 nlogn all nn 1 0.00789691200000675 1200 1 2 3 -4 -5 -6 7 -8 9 -10 11 12 -13 -14 -15 16 17 18 19 20
uf20-01 nn all nn 1 0.034771124000002374 1574 1 2 3 4 -5 6 7 8 9 10 11 12 -13 14 -15 16 17 18 19 20
uf20-01 nnn all nn 1 0.6743893910000054 1574 1 2 3 4 -5 6 7 8 9 10 11 12 -13 14 -15 16 17 18 19 20
uf20-01 n all nn n 0.0018976839999993445 0 -1 2 3 4 5 6 -7 -8 -9 10 11 -12 13 -14 15 -16 17 -18 -19 -20
uf20-01 nlogn all nn n 0.007916615000013394 0 -1 2 3 4 -5 -6 -7 -8 9 10 11 -12 13 -14 15 -16 17 -18 -19 -20
uf20-01 nn all nn n 0.03537909599999978 977 1 -2 3 4 -5 6 -7 8 9 10 11 -12 13 14 -15 -16 17 -18 -19 20
uf20-01 nnn all nn n 0.7038103290000066 1574 1 2 3 4 -5 6 7 8 9 10 11 12 -13 14 -15 16 17 18 19 20
uf20-01 n all infinity 0 0.0018840179999983775 0 -1 2 -3 4 -5 6 7 -8 -9 10 -11 12 13 -14 15 -16 -17 -18 -19 20
uf20-01 nlogn all infinity 0 0.007982404000003385 733 -1 2 3 4 -5 6 7 -8 -9 10 -11 12 13 -14 -15 -16 17 -18 -19 -20
uf20-01 nn all infinity 0 0.03483804299999349 925 -1 -2 3 4 -5 6 7 8 9 10 11 12 13 -14 -15 -16 17 -18 -19 -20
uf20-01 nnn all infinity 0 0.6528613600000028 1574 1 2 3 4 -5 6 7 8 9 10 11 12 -13 14 -15 16 17 18 19 20
uf20-01 n all infinity 1 0.001858345999991684 0 -1 2 -3 4 5 -6 -7 8 9 10 -11 12 -13 -14 15 -16 17 18 19 20
uf20-01 nlogn all infinity 1 0.007895102999995629 748 -1 2 -3 4 -5 6 -7 8 9 10 -11 12 -13 -14 -15 -16 17 -18 19 20
uf20-01 nn all infinity 1 0.03516344399999127 1574 1 2 3 4 -5 6 7 8 9 10 11 12 -13 14 -15 16 17 18 19 20
uf20-01 nnn all infinity 1 0.6490989630000001 1574 1 2 3 4 -5 6 7 8 9 10 11 12 -13 14 -15 16 17 18 19 20
uf20-01 n all infinity n 0.001879645999991908 0 1 2 3 -4 -5 6 7 8 -9 -10 11 -12 -13 14 -15 -16 -17 -18 -19 -20
uf20-01 nlogn all infinity n 0.007934370000000968 0 1 2 3 -4 -5 6 7 8 -9 -10 11 12 -13 14 -15 -16 17 -18 -19 20
uf20-01 nn all infinity n 0.035449842999994985 1574 1 2 3 4 -5 6 7 8 9 10 11 12 -13 14 -15 16 17 18 19 20
uf20-01 nnn all infinity n 0.6872729299999918 1574 1 2 3 4 -5 6 7 8 9 10 11 12 -13 14 -15 16 17 18 19 20
uf20-01 n logn n 0 0.003031351000004179 0 1 2 -3 4 -5 6 7 8 -9 10 11 12 13 14 15 16 17 18 -19 20
uf20-01 nlogn logn n 0 0.01298084399999766 970 1 2 -3 4 -5 6 -7 8 -9 10 11 12 -13 14 -15 -16 17 18 -19 20
uf20-01 nn logn n 0 0.05868525600000396 1263 1 2 3 4 -5 6 -7 8 9 10 11 12 -13 14 -15 -16 17 18 19 20
uf20-01 nnn logn n 0 1.1745438869999987 1574 1 2 3 4 -5 6 7 8 9 10 11 12 -13 14 -15 16 17 18 19 20
uf20-01 n logn n 1 0.0029979659999952446 0 -1 -2 3 -4 -5 -6 -7 8 9 -10 11 -12 -13 14 -15 16 17 -18 -19 -20
uf20-01 nlogn logn n 1 0.013286956000001737 730 1 -2 3 -4 -5 6 -7 -8 9 -10 11 12 -13 14 -15 16 17 -18 -19 -20
uf20-01 nn logn n 1 0.05887728700000139 1574 1 2 3 4 -5 6 7 8 9 10 11 12 -13 14 -15 16 17 18 19 20
uf20-01 nnn logn n 1 1.172410271000004 1574 1 2 3 4 -5 6 7 8 9 10 11 12 -13 14 -15 16 17 18 19 20
uf20-01 n logn n n 0.003028884000002563 0 1 -2 3 4 5 -6 7 -8 9 10 11 12 13 -14 15 -16 -17 -18 19 20
uf20-01 nlogn logn n n 0.013314824999994812 0 -1 2 3 4 -5 -6 -7 -8 9 10 11 12 -13 -14 15 -16 17 -18 19 -20
uf20-01 nn logn n n 0.059883949999999686 1126 1 2 -3 -4 -5 6 7 8 -9 10 11 12 -13 14 -15 -16 17 18 19 20
uf20-01 nnn logn n n 1.1854363420000027 1574 1 2 3 4 -5 6 7 8 9 10 11 12 -13 14 -15 16 17 18 19 20
uf20-01 n logn nlogn 0 0.003105241000000092 0 1 2 3 -4 -5 -6 7 -8 -9 -10 -11 12 -13 -14 -15 16 17 18 -19 20
uf20-01 nlogn logn nlogn 0 0.012909849999999778 1162 1 -2 3 -4 -5 6 7 -8 9 -10 11 12 -13 -14 -15 16 17 18 19 20
uf20-01 nn logn nlogn 0 0.05886268900000857 1384 1 2 3 4 -5 6 7 8 9 10 11 12 -13 14 -15 -16 17 18 19 20
uf20-01 nnn logn nlogn 0 1.1700635610000063 1574 1 2 3 4 -5 6 7 8 9 10 11 12 -13 14 -15 16 17 18 19 20
uf20-01 n logn nlogn 1 0.002974628999993456 0 1 -2 3 -4 -5 -6 7 8 9 10 -11 12 13 14 -15 -16 17 18 -19 -20
uf20-01 nlogn logn nlogn 1 0.012825719999995044 762 1 -2 3 -4 -5 6 7 -8 9 10 -11 12 -13 14 -15 -16 17 -18 19 20
uf20-01 nn logn nlogn 1 0.05809228100000041 1384 1 2 3 4 -5 6 7 8 9 10 11 12 -13 14 -15 -16 17 18 19 20
uf20-01 nnn logn nlogn 1 1.1747422130000018 1574 1 2 3 4 -5 6 7 8 9 10 11 12 -13 14 -15 16 17 18 19 20
uf20-01 n logn nlogn n 0.0030267910000105758 0 1 -2 -3 4 5 6 7 -8 9 10 -11 12 -13 -14 15 -16 17 -18 -19 20
uf20-01 nlogn logn nlogn n 0.012963028000001486 0 1 -2 -3 4 5 6 7 -8 9 10 -11 12 -13 -14 15 -16 17 -18 -19 20
uf20-01 nn logn nlogn n 0.05962401400000772 977 1 -2 3 4 -5 6 -7 8 9 10 11 -12 13 14 -15 -16 17 -18 -19 20
uf20-01 nnn logn nlogn n 1.1863086990000085 1574 1 2 3 4 -5 6 7 8 9 10 11 12 -13 14 -15 16 17 18 19 20
uf20-01 n logn nn 0 0.003069117000009669 0 -1 -2 3 -4 5 -6 7 -8 -9 10 11 -12 13 -14 -15 16 17 -18 -19 20
uf20-01 nlogn logn nn 0 0.012948880999999801 0 1 -2 3 4 5 -6 -7 -8 -9 10 11 12 -13 14 -15 -16 -17 -18 -19 20
uf20-01 nn logn nn 0 0.05860253800000237 1574 1 2 3 4 -5 6 7 8 9 10 11 12 -13 14 -15 16 17 18 19 20
uf20-01 nnn logn nn 0 1.1678282500000137 1574 1 2 3 4 -5 6 7 8 9 10 11 12 -13 14 -15 16 17 18 19 20
uf20-01 n logn nn 1 0.0030691679999961252 0 -1 2 3 -4 5 6 7 -8 -9 10 -11 12 -13 14 -15 -16 17 18 19 20
uf20-01 nlogn logn nn 1 0.013088248000002523 497 1 -2 3 -4 -5 -6 7 -8 9 10 -11 12 -13 -14 -15 -16 17 -18 -19 20
uf20-01 nn logn nn 1 0.05931210699999667 1440 1 2 3 4 -5 6 7 -8 9 10 11 12 -13 14 -15 16 17 18 19 20
uf20-01 nnn logn nn 1 1.1723995569999914 1574 1 2 3 4 -5 6 7 8 9 10 11 12 -13 14 -15 16 17 18 19 20
uf20-01 n logn nn n 0.002996746000007988 0 1 -2 3 4 -5 -6 7 -8 9 10 11 -12 -13 14 -15 -16 -17 18 19 20
uf20-01 nlogn logn nn n 0.01315023899999801 881 1 -2 3 -4 -5 -6 7 -8 9 -10 11 12 -13 -14 -15 16 17 -18 19 20
uf20-01 nn logn nn n 0.05862998400000663 1162 1 -2 3 -4 -5 6 7 -8 9 -10 11 12 -13 -14 -15 16 17 18 19 20
uf20-01 nnn logn nn n 1.1823324320000097 1574 1 2 3 4 -5 6 7 8 9 10 11 12 -13 14 -15 16 17 18 19 20
uf20-01 n logn infinity 0 0.0030343569999899955 0 -1 2 3 4 -5 -6 -7 -8 -9 -10 11 -12 13 14 -15 -16 -17 -18 -19 -20
uf20-01 nlogn logn infinity 0 0.013170883999990224 758 1 2 3 4 -5 6 -7 8 -9 10 11 -12 -13 14 -15 -16 17 -18 -19 -20
uf20-01 nn logn infinity 0 0.05920553400000017 931 -1 2 3 4 -5 6 -7 8 9 10 11 12 -13 14 -15 -16 17 -18 19 -20
uf20-01 nnn logn infinity 0 1.1501620880000019 1574 1 2 3 4 -5 6 7 8 9 10 11 12 -13 14 -15 16 17 18 19 20
uf20-01 n logn infinity 1 0.0030452929999995604 0 1 2 -3 -4 -5 -6 7 -8 9 10 11 12 -13 14 15 -16 -17 18 19 20
uf20-01 nlogn logn infinity 1 0.013226877999997555 1095 1 2 3 4 -5 6 7 8 9 10 -11 12 -13 14 -15 -16 17 -18 19 20
uf20-01 nn logn infinity 1 0.05939280200000496 1135 1 2 3 -4 -5 -6 7 8 -9 10 11 12 -13 14 -15 -16 17 18 19 20
uf20-01 nnn logn infinity 1 1.151401012000008 1574 1 2 3 4 -5 6 7 8 9 10 11 12 -13 14 -15 16 17 18 19 20
uf20-01 n logn infinity n 0.002935519999994085 0 1 -2 -3 4 5 -6 -7 -8 9 10 11 -12 13 14 -15 16 -17 18 19 20
uf20-01 nlogn logn infinity n 0.01298147800000038 0 -1 -2 3 4 -5 6 -7 -8 9 10 11 -12 13 14 -15 16 17 18 -19 -20
uf20-01 nn logn infinity n 0.05890771100000336 1014 -1 2 3 4 -5 6 -7 8 9 10 11 12 -13 14 -15 -16 17 -18 19 20
uf20-01 nnn logn infinity n 1.1666538599999967 1574 1 2 3 4 -5 6 7 8 9 10 11 12 -13 14 -15 16 17 18 19 20
uf20-01 n logn_weighted n 0 0.0033091340000055425 0 -1 -2 3 4 5 6 -7 -8 -9 10 11 12 -13 14 -15 -16 17 -18 19 -20
uf20-01 nlogn logn_weighted n 0 0.013721398000001273 1135 1 2 3 -4 -5 -6 7 8 -9 10 11 12 -13 14 -15 -16 17 18 19 20
uf20-01 nn logn_weighted n 0 0.06205775200000119 1300 1 2 3 -4 -5 6 7 -8 9 10 11 12 -13 -14 -15 16 17 18 19 20
uf20-01 nnn logn_weighted n 0 1.239311310000005 1574 1 2 3 4 -5 6 7 8 9 10 11 12 -13 14 -15 16 17 18 19 20
uf20-01 n logn_weighted n 1 0.003319992000001548 0 -1 2 3 -4 -5 6 -7 -8 9 -10 11 12 -13 -14 -15 -16 17 -18 19 -20
uf20-01 nlogn logn_weighted n 1 0.013983577000004743 1162 1 -2 3 -4 -5 6 7 -8 9 -10 11 12 -13 -14 -15 16 17 18 19 20
uf20-01 nn logn_weighted n 1 0.06201510399999677 1300 1 2 3 -4 -5 6 7 -8 9 10 11 12 -13 -14 -15 16 17 18 19 20
uf20-01 nnn logn_weighted n 1 1.2409571339999985 1574 1 2 3 4 -5 6 7 8 9 10 11 12 -13 14 -15 16 17 18 19 20
uf20-01 n logn_weighted n n 0.003256770999996661 0 -1 -2 -3 -4 -5 -6 7 -8 9 10 11 12 -13 -14 -15 -16 -17 -18 -19 -20
uf20-01 nlogn logn_weighted n n 0.013498577999996542 0 1 -2 -3 4 -5 -6 -7 8 9 10 11 -12 -13 14 -15 -16 -17 -18 -19 -20
uf20-01 nn logn_weighted n n 0.06140714299999672 0 1 -2 3 4 -5 -6 -7 8 -9 10 11 -12 -13 14 -15 -16 -17 -18 -19 -20
uf20-01 nnn logn_weighted n n 1.2434543480000002 1574 1 2 3 4 -5 6 7 8 9 10 11 12 -13 14 -15 16 17 18 19 20
uf20-01 n logn_weighted nlogn 0 0.0031868169999995644 0 -1 -2 3 4 -5 6 7 -8 -9 -10 11 12 -13 14 -15 -16 17 -18 -19 -20
uf20-01 nlogn logn_weighted nlogn 0 0.01377353099999823 0 -1 -2 3 4 -5 6 -7 -8 -9 -10 -11 12 -13 14 -15 -16 17 -18 -19 -20
uf20-01 nn logn_weighted nlogn 0 0.06207095300000276 878 1 -2 -3 4 -5 6 -7 8 9 10 11 -12 13 14 -15 -16 17 -18 -19 20
uf20-01 nnn logn_weighted nlogn 0 1.2397566350000062 1574 1 2 3 4 -5 6 7 8 9 10 11 12 -13 14 -15 16 17 18 19 20
uf20-01 n logn_weighted nlogn 1 0.003173802000006276 0 -1 -2 -3 -4 -5 6 -7 8 -9 10 -11 12 13 -14 -15 -16 17 -18 -19 -20
uf20-01 nlogn logn_weighted nlogn 1 0.01375673399999755 880 1 -2 3 4 -5 6 7 8 -9 10 -11 12 13 -14 -15 -16 17 -18 -19 20
uf20-01 nn logn_weighted nlogn 1 0.061753637999999 1369 1 2 3 -4 -5 6 7 -8 9 10 11 12 -13 14 -15 16 17 18 19 20
uf20-01 nnn logn_weighted nlogn 1 1.2306464910000017 1574 1 2 3 4 -5 6 7 8 9 10 11 12 -13 14 -15 16 17 18 19 20
uf20-01 n logn_weighted nlogn n 0.003309090000001902 0 -1 -2 -3 -4 -5 6 -7 8 9 -10 -11 12 -13 14 -15 16 17 -18 -19 20
uf20-01 nlogn logn_weighted nlogn n 0.01403157099998964 730 1 -2 3 -4 -5 6 -7 -8 9 -10 11 12 -13 14 -15 16 17 -18 -19 -20
uf20-01 nn logn_weighted nlogn n 0.06319971599999974 730 1 -2 3 -4 -5 6 -7 -8 9 -10 11 12 -13 14 -15 16 17 -18 -19 -20
uf20-01 nnn logn_weighted nlogn n 1.2420908149999974 1384 1 2 3 4 -5 6 7 8 9 10 11 12 -13 14 -15 -16 17 18 19 20
uf20-01 n logn_weighted nn 0 0.0031971510000090575 0 1 -2 -3 4 -5 6 -7 8 -9 -10 -11 12 -13 14 15 -16 17 -18 -19 20
uf20-01 nlogn logn_weighted nn 0 0.013515171000008763 0 1 -2 -3 4 -5 6 -7 8 -9 -10 -11 12 -13 14 -15 -16 17 -18 -19 -20
uf20-01 nn logn_weighted nn 0 0.062188009000010425 990 1 -2 3 4 -5 -6 -7 8 9 10 -11 -12 13 14 15 -16 17 -18 -19 20
uf20-01 nnn logn_weighted nn 0 1.2317491850000124 1574 1 2 3 4 -5 6 7 8 9 10 11 12 -13 14 -15 16 17 18 19 20
uf20-01 n logn_weighted nn 1 0.003022275999995827 0 -1 2 -3 4 -5 -6 7 -8 9 -10 11 12 -13 14 15 16 -17 18 -19 -20
uf20-01 nlogn logn_weighted nn 1 0.013726963999999953 0 1 -2 -3 4 5 6 7 -8 9 -10 11 12 -13 14 -15 16 -17 18 19 -20
uf20-01 nn logn_weighted nn 1 0.06147837099999265 0 1 -2 3 -4 5 6 -7 -8 -9 -10 11 -12 -13 14 -15 -16 -17 -18 -19 20
uf20-01 nnn logn_weighted nn 1 1.2752193449999965 1484 1 2 3 4 -5 -6 7 8 9 10 11 12 -13 14 -15 16 17 18 19 20
uf20-01 n logn_weighted nn n 0.003517011999988995 0 -1 -2 3 -4 -5 -6 7 8 9 -10 11 12 -13 -14 -15 16 17 18 19 -20
uf20-01 nlogn logn_weighted nn n 0.015284373999989498 1200 1 2 3 -4 -5 -6 7 -8 9 -10 11 12 -13 -14 -15 16 17 18 19 20
uf20-01 nn logn_weighted nn n 0.06773820599998714 1263 1 2 3 4 -5 6 -7 8 9 10 11 12 -13 14 -15 -16 17 18 19 20
uf20-01 nnn logn_weighted nn n 1.2907476089999932 1337 1 2 3 4 -5 -6 -7 8 9 10 11 -12 -13 14 15 -16 17 18 19 20
uf20-01 n logn_weighted infinity 0 0.0032883139999881905 0 1 -2 -3 4 -5 6 -7 8 9 -10 11 -12 13 14 -15 -16 17 -18 19 20
uf20-01 nlogn logn_weighted infinity 0 0.014101275000001579 0 1 -2 -3 4 -5 6 -7 8 9 -10 11 -12 -13 14 -15 -16 17 -18 -19 20
uf20-01 nn logn_weighted infinity 0 0.06231606699999759 1020 1 2 3 4 -5 -6 7 8 9 10 11 12 -13 14 -15 -16 17 -18 19 -20
uf20-01 nnn logn_weighted infinity 0 1.2271632889999893 1574 1 2 3 4 -5 6 7 8 9 10 11 12 -13 14 -15 16 17 18 19 20
uf20-01 n logn_weighted infinity 1 0.0032785889999900064 0 1 -2 -3 -4 -5 6 7 -8 9 10 -11 12 13 -14 -15 16 -17 -18 -19 -20
uf20-01 nlogn logn_weighted infinity 1 0.014149648999989495 0 1 -2 -3 4 -5 -6 7 8 -9 10 11 12 13 14 -15 -16 -17 -18 -19 -20
uf20-01 nn logn_weighted infinity 1 0.06272848299998657 0 1 -2 3 4 -5 -6 -7 8 -9 10 11 12 -13 14 -15 -16 -17 -18 -19 20
uf20-01 nnn logn_weighted infinity 1 1.2157016339999984 883 1 -2 -3 4 -5 6 -7 8 -9 -10 -11 -12 13 14 15 -16 17 -18 -19 20
uf20-01 n logn_weighted infinity n 0.0032409120000096436 938 -1 2 -3 -4 -5 6 7 -8 9 10 11 12 -13 14 -15 16 17 -18 19 -20
uf20-01 nlogn logn_weighted infinity n 0.013688153000003922 1251 1 2 -3 4 -5 -6 7 -8 9 10 11 12 -13 14 -15 16 17 18 19 20
uf20-01 nn logn_weighted infinity n 0.061227494999997134 1350 1 2 3 4 -5 -6 7 -8 9 10 11 12 -13 14 -15 16 17 18 19 20
uf20-01 nnn logn_weighted infinity n 1.2267623919999977 1574 1 2 3 4 -5 6 7 8 9 10 11 12 -13 14 -15 16 17 18 19 20
