uf50-012 n logn infinity n 0.007576786999948126 0 -1 -2 -3 4 5 6 7 8 -9 10 -11 12 -13 -14 -15 16 17 18 19 20 21 22 23 24 -25 -26 -27 -28 -29 30 31 32 -33 34 -35 -36 37 38 -39 -40 -41 42 -43 -44 45 -46 47 48 -49 -50
uf50-012 nlogn logn infinity n 0.04071251199991366 0 1 -2 -3 4 5 -6 -7 -8 9 -10 -11 -12 13 -14 15 16 17 18 19 -20 21 -22 23 24 -25 -26 -27 28 -29 30 31 -32 33 34 35 -36 37 38 -39 40 -41 42 -43 -44 45 -46 -47 48 -49 -50
uf50-012 nn logn infinity n 0.36176568099995166 152662 1 2 3 4 5 -6 -7 -8 9 -10 -11 12 13 -14 15 16 17 -18 -19 20 21 22 -23 24 -25 -26 -27 -28 29 -30 31 32 33 34 35 -36 37 38 -39 40 -41 42 -43 -44 45 46 47 48 49 50
uf50-012 nnn logn infinity n 18.160808542999916 162150 1 2 3 -4 5 -6 -7 -8 9 -10 11 12 13 -14 15 16 17 -18 19 20 21 22 23 24 -25 -26 -27 -28 29 30 31 32 33 34 35 -36 37 38 -39 40 -41 42 -43 -44 45 46 47 48 49 50
uf50-0123 n logn infinity n 0.00743812700000035 0 1 -2 -3 4 -5 -6 7 8 -9 -10 11 12 13 -14 15 -16 -17 -18 -19 20 -21 22 23 -24 -25 26 27 28 -29 30 -31 32 -33 34 35 36 -37 38 39 40 41 42 -43 44 45 -46 -47 -48 -49 -50
uf50-0123 nlogn logn infinity n 0.041598756999974285 0 1 2 -3 -4 -5 -6 7 8 -9 10 -11 -12 13 -14 15 -16 -17 -18 -19 20 -21 22 -23 -24 25 26 -27 28 29 -30 -31 32 33 34 35 -36 37 38 39 40 -41 42 43 -44 45 46 47 -48 -49 50
uf50-0123 nn logn infinity n 0.3663581299999805 137808 1 2 -3 4 -5 -6 -7 8 -9 10 -11 12 13 -14 15 -16 -17 -18 -19 -20 21 22 23 24 25 26 -27 28 29 30 31 32 -33 -34 -35 -36 37 38 39 40 -41 42 43 -44 45 46 47 -48 -49 50
uf50-0123 nnn logn infinity n 18.409714671000074 143016 1 2 -3 4 5 -6 -7 8 9 10 11 -12 13 -14 15 -16 -17 -18 -19 -20 21 22 23 24 25 26 -27 28 29 30 31 32 -33 -34 -35 -36 37 38 39 40 -41 42 43 -44 45 46 47 -48 -49 50
uf50-0133 n logn infinity n 0.008445634999930007 0 1 2 -3 4 5 -6 7 8 -9 -10 11 12 13 -14 15 -16 -17 -18 19 20 -21 22 -23 24 -25 26 -27 28 -29 -30 -31 32 -33 -34 -35 -36 37 -38 -39 -40 -41 42 43 -44 -45 -46 -47 48 -49 -50
uf50-0133 nlogn logn infinity n 0.04597559799992723 0 1 -2 -3 4 5 -6 7 -8 -9 -10 11 12 13 -14 15 16 -17 18 19 20 -21 22 23 -24 -25 26 27 28 -29 30 -31 32 33 34 35 36 37 38 -39 -40 -41 -42 43 -44 45 46 47 48 -49 -50
uf50-0133 nn logn infinity n 0.39099611199992523 148321 -1 -2 -3 4 5 -6 7 8 9 -10 11 12 13 -14 -15 16 17 18 19 -20 21 22 23 -24 25 26 27 28 -29 -30 -31 32 -33 34 35 36 37 38 39 -40 -41 42 43 -44 -45 -46 -47 48 -49 50
uf50-0133 nnn logn infinity n 18.34335978599995 157990 1 -2 -3 4 5 -6 7 8 9 -10 11 12 13 -14 15 16 17 18 19 -20 21 22 23 -24 -25 26 27 28 -29 -30 -31 32 -33 34 35 36 37 38 39 -40 -41 42 43 -44 45 46 -47 48 -49 50
uf50-0139 n logn infinity n 0.00829387900000711 0 1 -2 -3 -4 -5 -6 -7 8 -9 10 -11 -12 -13 14 15 -16 -17 18 -19 20 -21 -22 23 -24 -25 26 -27 28 -29 30 31 32 -33 -34 35 -36 -37 -38 -39 -40 41 -42 -43 44 -45 46 -47 48 49 50
uf50-0139 nlogn logn infinity n 0.044387208000102873 0 1 -2 3 -4 -5 6 7 8 9 10 -11 -12 -13 -14 -15 -16 -17 18 -19 20 -21 22 -23 -24 25 26 -27 28 -29 30 31 32 33 -34 35 36 37 -38 39 -40 41 -42 43 44 45 46 -47 48 49 50
uf50-0139 nn logn infinity n 0.376574883000103 167259 -1 -2 3 -4 -5 6 7 -8 9 10 -11 12 -13 14 15 -16 -17 18 -19 20 -21 22 23 -24 -25 26 27 28 -29 30 31 32 33 34 35 36 37 38 39 -40 41 -42 43 44 45 46 47 48 49 50
uf50-0139 nnn logn infinity n 17.74997812400011 173525 -1 -2 3 4 -5 6 7 8 9 10 -11 12 13 14 15 -16 -17 18 -19 20 -21 22 23 24 -25 26 27 28 -29 30 31 32 33 34 35 36 37 -38 39 -40 41 42 43 44 -45 46 47 48 49 50
uf50-024 n logn infinity n 0.007298732999970525 0 -1 2 3 -4 5 -6 7 -8 -9 10 -11 12 13 -14 15 16 17 18 19 20 21 22 23 -24 25 -26 -27 28 29 -30 31 -32 -33 34 35 -36 -37 38 -39 -40 41 -42 -43 -44 45 46 -47 -48 -49 -50
uf50-024 nlogn logn infinity n 0.039886643000045297 0 1 -2 3 4 5 -6 7 -8 -9 -10 11 12 13 -14 15 -16 17 -18 -19 20 21 22 23 -24 25 26 27 28 -29 30 31 32 -33 34 -35 -36 -37 38 -39 -40 -41 42 43 44 45 46 47 -48 49 -50
uf50-024 nn logn infinity n 0.34893598500002554 62096 1 2 3 4 5 -6 7 8 -9 -10 11 12 13 -14 15 -16 17 18 19 20 21 -22 -23 24 25 26 27 -28 -29 30 31 32 33 34 -35 -36 37 38 -39 -40 -41 42 43 44 -45 46 47 -48 49 50
uf50-024 nnn logn infinity n 17.412072912999975 63587 1 2 3 4 5 -6 7 8 -9 -10 11 12 13 14 15 -16 17 -18 19 20 21 -22 -23 24 25 26 27 28 29 30 31 32 -33 34 -35 36 37 38 -39 -40 -41 42 43 44 -45 46 47 -48 -49 50
uf50-0241 n logn infinity n 0.007137317999990955 0 -1 -2 -3 -4 -5 6 7 -8 9 10 -11 -12 13 14 -15 16 17 18 19 -20 -21 -22 -23 -24 -25 26 -27 -28 -29 30 31 -32 -33 34 -35 -36 37 38 39 -40 41 42 43 44 45 46 47 -48 49 -50
uf50-0241 nlogn logn infinity n 0.03937658300003477 0 1 -2 -3 4 -5 -6 -7 -8 -9 10 11 -12 13 -14 -15 16 17 18 -19 -20 -21 -22 -23 24 25 26 -27 -28 -29 -30 31 -32 -33 34 35 -36 37 38 39 -40 -41 42 43 44 45 46 47 48 -49 -50
uf50-0241 nn logn infinity n 0.3499121260000493 59629 1 2 3 4 -5 -6 7 8 -9 10 11 12 -13 14 15 16 17 18 19 -20 -21 -22 -23 -24 25 -26 27 28 29 -30 -31 32 33 34 35 -36 37 38 39 -40 -41 -42 43 44 -45 46 47 48 49 -50
uf50-0241 nnn logn infinity n 17.53221836499995 62340 1 2 3 4 -5 -6 -7 8 -9 10 11 12 13 14 15 -16 17 18 19 -20 -21 -22 -23 24 25 26 27 28 29 -30 -31 32 33 34 35 -36 37 38 39 -40 41 42 43 44 -45 46 47 48 49 -50
uf50-0274 n logn infinity n 0.00884397100003298 0 -1 -2 -3 -4 5 6 -7 8 -9 -10 11 12 -13 14 -15 16 17 18 19 -20 21 -22 23 -24 25 26 -27 28 -29 -30 -31 -32 33 34 35 36 -37 38 -39 -40 -41 -42 43 44 -45 -46 -47 -48 -49 50
uf50-0274 nlogn logn infinity n 0.04934176500000831 0 1 -2 3 -4 5 6 -7 8 -9 10 -11 12 -13 14 -15 16 -17 -18 19 20 21 -22 23 24 25 -26 27 28 -29 -30 -31 32 33 -34 35 36 37 38 -39 40 41 42 43 -44 -45 46 -47 48 -49 50
uf50-0274 nn logn infinity n 0.4193434569999681 57606 1 -2 -3 -4 5 6 -7 -8 -9 10 -11 12 -13 14 15 16 -17 18 19 20 -21 -22 23 24 25 26 27 28 -29 -30 -31 32 33 -34 35 36 37 -38 -39 40 -41 42 43 -44 45 46 -47 48 49 50
uf50-0274 nnn logn infinity n 18.296132170999954 65615 1 -2 3 -4 5 6 -7 8 -9 10 -11 12 -13 14 15 16 17 18 19 20 -21 -22 23 24 25 26 27 28 -29 30 -31 32 33 -34 35 36 37 -38 -39 40 41 42 43 44 45 46 -47 48 49 50
uf50-036 n logn infinity n 0.0073713909999924 0 -1 -2 -3 -4 -5 -6 -7 8 -9 10 -11 12 13 -14 -15 16 -17 -18 -19 -20 21 22 -23 -24 -25 26 -27 -28 29 30 31 -32 33 34 -35 -36 37 -38 -39 40 41 42 -43 44 45 46 -47 48 -49 -50
uf50-036 nlogn logn infinity n 0.041208191999999144 47658 -1 2 3 -4 5 -6 -7 8 -9 10 -11 12 13 14 -15 16 17 18 -19 -20 21 -22 23 24 -25 -26 -27 -28 29 30 -31 -32 33 34 35 36 37 38 -39 40 -41 -42 43 -44 45 -46 -47 48 -49 50
uf50-036 nn logn infinity n 0.360921425000015 58474 1 2 3 -4 5 -6 -7 8 -9 10 -11 -12 13 14 15 16 -17 18 19 -20 21 22 23 24 -25 26 27 -28 29 30 31 -32 -33 34 35 -36 -37 38 39 40 -41 -42 43 44 45 46 -47 48 -49 -50
uf50-036 nnn logn infinity n 18.650804679999965 59880 1 2 3 -4 5 6 -7 8 -9 10 -11 -12 13 14 15 16 -17 18 19 -20 21 22 23 24 -25 26 -27 -28 29 30 31 -32 -33 34 35 36 -37 38 39 40 -41 42 43 44 45 46 -47 48 -49 -50
uf50-0369 n logn infinity n 0.007535142999927302 0 1 2 3 -4 -5 6 -7 -8 9 -10 -11 12 -13 -14 -15 16 -17 -18 19 20 -21 -22 -23 -24 -25 26 27 -28 -29 30 31 32 33 -34 -35 36 -37 38 39 40 41 42 43 44 45 46 -47 48 -49 -50
uf50-0369 nlogn logn infinity n 0.04136024000001726 0 1 -2 -3 -4 -5 6 7 -8 9 -10 11 -12 13 -14 15 -16 -17 18 -19 20 21 22 23 24 -25 26 27 28 -29 30 -31 32 33 34 -35 -36 -37 38 39 40 -41 42 43 44 -45 46 -47 48 -49 -50
uf50-0369 nn logn infinity n 0.35999013899993315 46906 1 -2 3 4 -5 6 7 8 9 10 11 -12 -13 -14 -15 -16 -17 18 -19 -20 21 -22 -23 24 -25 26 -27 -28 29 -30 31 32 33 -34 -35 -36 -37 -38 39 -40 41 42 43 44 45 46 -47 48 -49 50
uf50-0369 nnn logn infinity n 18.31060207099995 50782 1 -2 3 4 5 6 7 8 9 10 11 -12 -13 -14 -15 -16 17 18 -19 -20 21 -22 23 24 25 26 -27 -28 29 -30 31 -32 33 -34 -35 -36 -37 -38 39 40 41 42 43 44 45 46 -47 48 -49 -50
uf50-0405 n logn infinity n 0.00721147900003416 0 1 -2 3 -4 5 -6 7 -8 9 -10 -11 12 13 14 15 16 17 -18 19 20 -21 -22 -23 24 25 -26 27 -28 29 -30 -31 -32 33 -34 35 -36 -37 -38 -39 -40 41 42 43 -44 -45 46 -47 -48 -49 50
uf50-0405 nlogn logn infinity n 0.04093237699999008 0 1 -2 3 4 -5 -6 -7 8 9 -10 11 12 13 14 15 16 -17 18 -19 -20 -21 22 23 24 25 -26 27 -28 -29 30 31 32 -33 -34 35 -36 -37 38 -39 -40 41 42 43 44 -45 -46 47 48 -49 -50
uf50-0405 nn logn infinity n 0.3582912580000084 57828 1 2 3 -4 -5 -6 -7 -8 9 10 -11 12 13 14 15 16 -17 18 19 -20 21 22 23 24 -25 -26 27 28 -29 30 31 32 33 34 35 -36 37 -38 39 -40 -41 -42 -43 44 -45 46 47 48 49 -50
uf50-0405 nnn logn infinity n 17.95504065 60852 1 2 3 -4 5 -6 -7 -8 9 10 -11 12 13 14 15 16 -17 18 19 -20 21 22 23 24 -25 -26 27 28 -29 30 31 32 33 34 35 36 37 -38 39 -40 -41 42 -43 44 -45 46 47 48 49 -50
uf50-0414 n logn infinity n 0.007303897999918263 0 -1 2 3 -4 -5 6 -7 8 9 10 11 12 -13 -14 15 16 17 18 -19 20 21 22 23 -24 25 26 27 -28 -29 30 -31 32 -33 34 -35 -36 -37 -38 39 -40 -41 42 -43 -44 45 -46 -47 48 -49 -50
uf50-0414 nlogn logn infinity n 0.04131012099992404 0 -1 2 3 -4 -5 -6 -7 8 9 10 11 12 -13 -14 15 16 17 -18 -19 20 21 -22 23 -24 25 26 27 -28 -29 30 -31 32 -33 34 35 -36 37 38 39 40 -41 42 43 44 45 -46 -47 -48 -49 50
uf50-0414 nn logn infinity n 0.36312199200006035 70747 -1 2 3 -4 -5 -6 -7 8 9 10 11 12 13 -14 15 16 17 18 19 20 -21 22 23 -24 25 26 27 -28 -29 30 31 32 33 34 35 -36 37 38 39 40 41 42 43 44 45 -46 -47 48 49 50
uf50-0414 nnn logn infinity n 18.032498757999974 72136 -1 2 3 -4 -5 -6 -7 8 9 10 11 12 13 14 15 16 17 -18 19 20 21 22 23 -24 25 26 27 -28 -29 30 31 32 33 34 35 -36 37 38 39 40 -41 42 43 44 45 46 -47 48 49 50
uf50-0430 n logn infinity n 0.007521638999833158 0 1 2 -3 -4 5 6 -7 -8 -9 10 -11 -12 13 -14 -15 -16 -17 18 -19 20 -21 22 -23 24 25 -26 27 -28 -29 -30 31 -32 -33 -34 35 -36 37 38 -39 40 -41 42 -43 -44 45 -46 47 -48 -49 50
uf50-0430 nlogn logn infinity n 0.040799575999926674 0 1 -2 -3 4 5 6 7 -8 -9 -10 -11 12 -13 -14 -15 16 -17 18 -19 -20 -21 22 -23 24 25 26 27 -28 -29 -30 31 -32 -33 -34 -35 36 37 38 -39 40 -41 42 43 -44 45 -46 47 48 -49 50
uf50-0430 nn logn infinity n 0.35824302399987573 51857 1 -2 -3 4 -5 6 -7 -8 9 10 -11 12 13 14 15 -16 -17 18 -19 -20 21 22 23 24 25 26 27 28 29 -30 -31 32 -33 34 35 -36 -37 -38 -39 -40 -41 42 43 44 -45 46 47 48 49 -50
uf50-0430 nnn logn infinity n 18.12017172899982 52883 1 2 -3 4 -5 6 -7 -8 9 10 -11 12 13 14 -15 -16 17 18 -19 -20 21 22 23 24 25 26 27 28 29 -30 -31 32 -33 34 35 -36 -37 -38 -39 -40 -41 42 43 44 45 -46 47 48 49 -50
uf50-0434 n logn infinity n 0.00743732900014038 0 1 -2 -3 -4 5 -6 7 -8 9 -10 -11 12 -13 14 -15 16 17 -18 -19 20 -21 22 -23 24 25 -26 27 28 -29 30 -31 32 -33 -34 -35 -36 37 -38 39 -40 41 -42 43 -44 -45 46 -47 -48 49 -50
uf50-0434 nlogn logn infinity n 0.04084683100018083 0 1 2 -3 -4 5 6 -7 -8 9 -10 11 -12 -13 -14 15 -16 17 -18 19 -20 -21 22 23 -24 -25 -26 -27 28 -29 -30 31 32 -33 -34 -35 -36 37 -38 39 40 41 -42 -43 44 -45 -46 -47 48 49 -50
uf50-0434 nn logn infinity n 0.3672422250001546 38367 -1 -2 3 -4 5 6 -7 -8 9 10 -11 -12 13 14 15 -16 -17 -18 -19 20 21 -22 23 -24 25 -26 27 -28 29 30 31 32 -33 34 -35 -36 -37 -38 39 40 -41 42 43 44 45 -46 -47 -48 49 -50
uf50-0434 nnn logn infinity n 17.95804675300019 39695 -1 -2 3 -4 5 6 7 -8 9 10 11 -12 13 14 15 16 -17 -18 -19 20 21 -22 23 -24 25 -26 -27 -28 -29 30 31 32 -33 34 -35 -36 -37 -38 39 40 -41 42 43 44 45 -46 -47 -48 49 -50
uf50-0441 n logn infinity n 0.007542102000115847 0 -1 -2 -3 4 -5 6 7 8 -9 -10 11 -12 -13 14 15 -16 17 18 -19 20 -21 22 23 24 -25 26 -27 -28 29 -30 -31 -32 -33 -34 35 -36 -37 38 39 -40 41 42 -43 -44 45 -46 -47 -48 49 50
uf50-0441 nlogn logn infinity n 0.0405898490000709 0 -1 2 -3 4 -5 -6 7 8 9 -10 11 -12 13 14 15 -16 17 18 19 20 -21 22 23 24 25 26 27 -28 29 -30 -31 -32 33 34 35 -36 37 38 -39 -40 41 -42 43 44 45 46 47 48 49 50
uf50-0441 nn logn infinity n 0.3552755040000193 220180 1 -2 -3 4 -5 -6 7 8 9 -10 11 -12 13 -14 15 -16 -17 18 19 -20 21 22 23 24 25 26 -27 28 29 -30 31 -32 -33 -34 35 -36 37 -38 39 -40 41 -42 43 44 45 46 -47 -48 -49 -50
uf50-0441 nnn logn infinity n 17.767800542000032 233901 1 -2 -3 4 -5 -6 7 8 -9 -10 11 -12 13 -14 15 16 17 18 19 -20 21 22 23 24 25 26 -27 -28 29 -30 31 -32 -33 -34 35 -36 37 38 39 -40 41 42 43 44 45 46 47 -48 -49 50
uf50-0452 n logn infinity n 0.007411678000153188 0 1 -2 3 4 -5 -6 -7 -8 -9 10 11 12 -13 14 15 16 17 -18 -19 20 21 -22 -23 -24 -25 26 27 -28 -29 -30 -31 -32 33 -34 35 36 -37 -38 -39 40 -41 42 43 44 45 46 47 48 -49 -50
uf50-0452 nlogn logn infinity n 0.04058631900011278 0 -1 2 3 -4 -5 6 7 -8 9 10 11 12 -13 14 15 16 17 -18 19 20 21 -22 23 -24 25 -26 27 28 29 30 -31 32 33 34 -35 36 -37 -38 -39 40 41 42 -43 -44 45 -46 -47 48 -49 -50
uf50-0452 nn logn infinity n 0.3555061320000732 256152 -1 2 3 4 -5 6 7 8 9 10 11 12 -13 14 15 16 17 -18 19 20 21 -22 23 -24 25 -26 27 28 29 30 -31 32 33 34 -35 36 -37 -38 -39 -40 41 42 43 -44 45 -46 47 48 -49 50
uf50-0452 nnn logn infinity n 17.869338878999997 262429 -1 2 3 4 -5 6 7 8 9 10 -11 12 -13 14 15 16 17 -18 19 20 21 -22 23 -24 25 26 27 -28 29 30 -31 32 33 34 -35 36 -37 -38 -39 -40 41 42 43 -44 45 -46 47 48 -49 50
uf50-0470 n logn infinity n 0.007446753000067474 0 -1 -2 -3 -4 -5 6 -7 -8 9 10 11 -12 -13 -14 -15 16 17 18 -19 -20 -21 22 23 -24 25 -26 27 -28 29 -30 31 32 -33 34 -35 -36 -37 -38 -39 -40 -41 -42 43 44 45 46 -47 48 49 50
uf50-0470 nlogn logn infinity n 0.040407842000149685 0 -1 -2 -3 -4 -5 -6 -7 8 9 10 11 12 -13 -14 -15 -16 17 18 -19 -20 -21 22 -23 24 25 -26 27 -28 29 -30 -31 32 -33 34 -35 -36 -37 38 39 40 -41 -42 43 44 -45 46 47 -48 49 50
uf50-0470 nn logn infinity n 0.3585049240000444 236991 -1 -2 -3 -4 5 6 -7 8 9 10 11 12 -13 -14 -15 -16 17 18 19 -20 21 22 -23 24 25 26 -27 -28 29 30 -31 32 -33 34 -35 36 -37 38 39 40 41 -42 43 44 -45 -46 47 48 49 50
uf50-0470 nnn logn infinity n 17.983878222000158 243603 -1 2 -3 -4 5 -6 -7 8 9 10 11 12 -13 -14 -15 -16 17 18 19 -20 21 22 -23 -24 25 -26 -27 -28 29 30 -31 32 33 34 -35 36 -37 38 39 40 41 -42 43 44 45 46 47 48 49 50
uf50-0485 n logn infinity n 0.007525539999960529 0 1 2 -3 -4 5 -6 7 8 9 -10 11 -12 13 -14 -15 16 -17 18 19 -20 21 -22 -23 -24 -25 26 27 -28 29 30 -31 32 33 34 -35 -36 37 38 39 -40 -41 -42 -43 -44 45 46 -47 48 49 50
uf50-0485 nlogn logn infinity n 0.04054847699990205 0 -1 -2 3 4 5 -6 -7 -8 9 -10 -11 12 -13 14 15 -16 -17 18 -19 -20 -21 -22 -23 -24 -25 -26 27 28 29 30 -31 32 33 -34 -35 -36 37 38 -39 -40 41 -42 43 -44 -45 46 -47 48 -49 50
uf50-0485 nn logn infinity n 0.354545374999816 204054 1 -2 -3 4 -5 -6 7 8 -9 -10 11 -12 13 14 -15 -16 17 18 19 20 -21 22 23 -24 25 -26 -27 28 29 30 31 32 -33 -34 35 -36 37 38 39 40 41 42 -43 -44 45 -46 -47 -48 -49 -50
uf50-0485 nnn logn infinity n 18.161308481999868 237387 1 -2 -3 4 5 -6 -7 8 -9 -10 11 -12 13 14 -15 -16 17 18 19 20 -21 22 23 24 25 -26 -27 28 29 30 31 32 -33 -34 35 36 -37 38 39 40 41 42 -43 44 45 -46 47 -48 -49 -50
uf50-0613 n logn infinity n 0.007573025999818128 0 1 -2 -3 4 5 6 7 8 -9 10 11 -12 13 -14 15 16 17 -18 -19 -20 21 22 -23 24 -25 -26 27 28 29 -30 31 -32 -33 34 35 -36 -37 38 39 -40 -41 -42 -43 44 -45 -46 -47 48 -49 50
uf50-0613 nlogn logn infinity n 0.041362001999914355 250513 -1 -2 3 -4 -5 6 -7 8 9 10 11 12 -13 14 -15 16 17 -18 -19 20 21 22 -23 -24 25 26 27 28 29 -30 31 -32 -33 34 35 -36 37 -38 39 -40 -41 -42 43 44 45 46 47 48 -49 50
uf50-0613 nn logn infinity n 0.358290506000003 254970 -1 -2 3 4 -5 -6 -7 8 9 -10 11 12 -13 14 15 -16 17 -18 -19 20 21 22 23 24 25 26 27 28 29 30 31 -32 -33 34 -35 -36 37 -38 39 -40 -41 -42 -43 44 45 46 47 48 -49 50
uf50-0613 nnn logn infinity n 18.64789017699991 267124 -1 -2 3 4 -5 6 -7 8 9 10 11 12 -13 14 -15 -16 17 18 19 20 21 22 -23 -24 25 26 27 28 29 30 31 -32 -33 34 35 -36 37 -38 39 -40 -41 -42 43 44 45 46 47 48 49 50
uf50-0620 n logn infinity n 0.00740789900009986 0 -1 -2 -3 -4 -5 6 7 8 -9 -10 11 -12 13 -14 -15 16 -17 -18 -19 20 -21 22 23 -24 -25 -26 27 28 29 30 31 32 33 -34 35 -36 -37 -38 39 40 -41 -42 -43 44 -45 -46 47 48 -49 50
uf50-0620 nlogn logn infinity n 0.04135619800013046 0 -1 2 3 -4 -5 6 7 8 -9 -10 11 12 13 14 -15 16 -17 -18 19 20 -21 22 -23 -24 -25 26 27 28 -29 30 31 32 33 34 35 36 37 -38 -39 -40 -41 42 43 44 45 -46 47 48 -49 -50
uf50-0620 nn logn infinity n 0.3586009830000876 264447 -1 2 3 4 5 6 -7 8 -9 -10 11 12 -13 14 -15 -16 -17 18 -19 20 21 -22 23 24 25 26 27 -28 29 30 31 -32 33 -34 35 36 37 38 -39 40 41 42 -43 44 -45 46 47 48 -49 -50
uf50-0620 nnn logn infinity n 18.14863713700015 273128 1 2 3 4 5 6 -7 8 -9 -10 11 12 -13 14 15 -16 -17 18 -19 20 21 -22 23 24 25 26 27 -28 29 30 31 -32 33 34 35 36 37 38 -39 40 -41 42 -43 44 -45 46 47 48 -49 -50
uf50-0642 n logn infinity n 0.007205848000012338 0 -1 2 3 -4 5 -6 -7 8 9 -10 -11 12 13 14 15 -16 -17 18 19 20 -21 22 23 -24 -25 26 27 -28 29 -30 31 -32 -33 -34 -35 -36 37 -38 -39 40 -41 42 -43 44 45 46 47 48 -49 50
uf50-0642 nlogn logn infinity n 0.0416634560001512 0 -1 -2 3 4 5 6 -7 -8 9 -10 -11 12 13 14 -15 -16 -17 18 19 20 21 22 -23 24 -25 26 27 28 29 -30 31 -32 -33 -34 -35 36 -37 -38 39 40 -41 42 -43 44 45 -46 47 -48 -49 50
uf50-0642 nn logn infinity n 0.34806078500014337 250153 -1 -2 3 4 5 6 -7 -8 9 -10 11 12 13 14 -15 -16 -17 18 19 20 21 22 -23 24 -25 -26 27 28 29 30 31 -32 33 34 35 36 -37 -38 39 40 -41 42 -43 -44 45 -46 47 -48 49 -50
uf50-0642 nnn logn infinity n 17.525028437000174 264394 -1 2 3 4 5 6 -7 -8 9 -10 11 12 13 14 15 -16 17 18 19 20 21 22 -23 24 -25 -26 27 28 29 30 31 -32 33 34 35 36 -37 -38 39 40 -41 42 -43 -44 45 -46 47 -48 49 -50
uf50-0655 n logn infinity n 0.007386664000023302 0 1 -2 3 -4 5 -6 7 -8 -9 -10 11 12 -13 14 -15 16 -17 18 19 -20 -21 -22 23 -24 -25 26 27 -28 -29 -30 31 -32 33 -34 -35 36 37 38 -39 -40 -41 42 43 -44 45 -46 -47 -48 -49 50
uf50-0655 nlogn logn infinity n 0.03969843000004403 0 -1 -2 3 -4 5 -6 7 -8 -9 10 11 12 -13 -14 -15 16 17 -18 19 -20 21 -22 23 -24 25 26 -27 -28 -29 -30 31 32 33 34 -35 36 -37 -38 -39 40 -41 42 -43 -44 45 46 -47 -48 -49 50
uf50-0655 nn logn infinity n 0.3507096810001258 260598 -1 -2 3 -4 5 6 7 8 -9 -10 11 12 13 14 -15 16 17 -18 -19 -20 21 22 23 24 -25 -26 27 -28 -29 30 31 32 33 -34 35 36 37 38 39 40 41 42 43 44 -45 -46 -47 -48 -49 -50
uf50-0655 nnn logn infinity n 17.543592798999953 268381 -1 -2 3 -4 5 6 7 8 -9 -10 11 12 13 14 15 16 17 -18 -19 -20 21 22 23 24 -25 -26 27 -28 -29 30 31 32 33 -34 35 36 37 38 39 40 41 42 43 44 -45 -46 -47 48 -49 -50
uf50-0665 n logn infinity n 0.007265899999993053 0 -1 -2 3 -4 -5 6 -7 8 -9 10 11 12 -13 -14 15 16 17 18 -19 20 -21 -22 23 -24 25 26 -27 28 -29 -30 31 32 33 -34 35 -36 -37 38 39 40 41 42 -43 44 -45 46 47 48 49 50
uf50-0665 nlogn logn infinity n 0.03968163099989397 0 -1 2 -3 -4 -5 6 -7 -8 -9 10 11 -12 -13 -14 15 -16 17 18 19 20 21 22 -23 24 -25 26 -27 -28 -29 -30 -31 32 33 -34 -35 -36 37 38 39 40 41 42 -43 44 45 46 -47 48 -49 -50
uf50-0665 nn logn infinity n 0.35616083399986564 263375 -1 -2 3 -4 5 -6 7 -8 -9 10 11 12 13 -14 15 -16 17 18 19 20 21 -22 -23 24 -25 26 -27 28 29 -30 31 32 33 34 -35 -36 37 38 39 -40 41 -42 -43 44 45 46 47 48 49 -50
uf50-0665 nnn logn infinity n 17.561547871999892 277934 -1 -2 3 4 5 6 7 8 -9 -10 11 12 13 14 15 -16 17 18 19 20 21 -22 -23 24 25 26 -27 28 29 -30 31 32 33 34 -35 -36 37 38 -39 -40 41 -42 -43 44 45 46 47 48 49 50
uf50-0672 n logn infinity n 0.007547332000058304 0 -1 -2 -3 4 5 -6 7 8 9 10 -11 -12 13 14 15 -16 17 18 -19 20 -21 22 23 24 -25 26 -27 28 -29 30 -31 32 -33 -34 35 36 37 38 -39 40 41 42 -43 -44 45 46 47 48 -49 50
uf50-0672 nlogn logn infinity n 0.0405725920002169 0 1 -2 3 -4 5 6 -7 -8 -9 -10 11 -12 13 -14 -15 -16 17 18 -19 20 -21 -22 23 24 -25 26 27 28 29 30 -31 32 33 34 35 -36 37 38 -39 -40 41 -42 -43 -44 45 46 47 -48 49 -50
uf50-0672 nn logn infinity n 0.35255143700010194 314210 1 2 3 4 5 6 7 -8 9 -10 11 12 13 14 -15 -16 17 18 -19 -20 21 22 23 24 -25 26 27 28 29 30 -31 32 33 34 35 -36 -37 -38 -39 -40 41 -42 43 44 45 46 47 48 49 50
uf50-0672 nnn logn infinity n 17.470890155000006 332318 1 2 3 4 5 6 7 -8 9 -10 11 12 13 14 15 -16 17 18 -19 -20 21 22 23 24 -25 26 27 28 29 30 -31 32 33 34 35 36 -37 -38 39 -40 41 42 -43 44 45 46 47 48 49 50
uf50-0768 n logn infinity n 0.0072584399999868765 0 -1 -2 -3 4 5 6 7 8 -9 -10 11 12 -13 14 15 -16 -17 -18 -19 20 21 -22 23 -24 -25 26 27 28 -29 30 31 32 33 34 35 36 37 -38 -39 40 41 42 -43 44 45 -46 47 48 -49 -50
uf50-0768 nlogn logn infinity n 0.03994083099996715 0 -1 2 -3 4 -5 -6 7 8 -9 -10 -11 -12 -13 -14 15 -16 17 -18 -19 -20 21 22 -23 -24 -25 -26 27 -28 -29 30 31 32 -33 34 -35 -36 -37 -38 -39 40 -41 42 43 -44 45 -46 47 48 -49 50
uf50-0768 nn logn infinity n 0.3472981259999415 119082 1 2 -3 4 -5 6 7 8 -9 10 -11 12 -13 -14 -15 -16 17 -18 19 -20 21 22 23 -24 -25 -26 27 -28 -29 30 -31 -32 -33 34 -35 36 37 38 -39 -40 41 42 43 -44 45 -46 47 48 -49 50
uf50-0768 nnn logn infinity n 17.509202388999938 124105 -1 2 -3 4 -5 6 7 -8 9 10 -11 -12 13 -14 -15 -16 17 -18 19 -20 21 -22 23 -24 -25 -26 27 28 -29 30 -31 -32 -33 34 -35 36 37 38 -39 -40 41 42 43 -44 45 -46 47 48 49 50
uf50-0821 n logn infinity n 0.0074226570000064385 0 1 2 -3 4 -5 -6 -7 -8 -9 -10 11 12 -13 -14 15 -16 -17 -18 19 -20 21 22 23 24 -25 -26 -27 -28 -29 -30 -31 32 -33 -34 35 36 37 -38 39 -40 41 42 -43 -44 -45 46 47 -48 -49 50
uf50-0821 nlogn logn infinity n 0.040157631000056426 0 -1 2 -3 -4 -5 -6 -7 8 -9 -10 11 -12 13 -14 15 -16 -17 -18 19 -20 21 -22 23 -24 25 -26 -27 -28 -29 30 -31 32 -33 -34 35 -36 37 38 39 -40 41 42 -43 -44 45 46 -47 -48 -49 50
uf50-0821 nn logn infinity n 0.35178722499995274 0 1 -2 -3 -4 5 -6 -7 -8 9 -10 11 12 13 -14 15 -16 -17 18 19 20 -21 -22 -23 -24 25 -26 -27 -28 29 -30 31 32 33 -34 35 36 -37 -38 39 40 -41 -42 -43 44 -45 -46 47 48 -49 -50
uf50-0821 nnn logn infinity n 18.162799275999987 158386 -1 -2 -3 4 -5 -6 7 8 9 -10 11 -12 13 14 -15 16 -17 -18 19 20 -21 -22 23 24 25 26 27 28 29 -30 -31 -32 33 -34 35 36 -37 38 39 40 41 42 43 44 45 -46 47 48 49 50
uf50-0832 n logn infinity n 0.00718631099994127 0 -1 -2 -3 -4 5 6 7 -8 9 10 -11 12 13 14 -15 -16 -17 18 -19 -20 21 22 -23 -24 25 -26 27 28 29 -30 31 -32 33 -34 -35 -36 37 -38 39 -40 -41 -42 -43 44 45 46 -47 -48 49 -50
uf50-0832 nlogn logn infinity n 0.03979721700011396 0 -1 -2 3 -4 5 -6 -7 -8 9 10 -11 12 13 14 -15 -16 -17 -18 -19 -20 21 22 -23 -24 25 -26 27 28 29 -30 31 -32 33 -34 35 -36 37 -38 39 -40 41 -42 -43 44 45 46 47 -48 -49 -50
uf50-0832 nn logn infinity n 0.349165524 169768 -1 -2 3 -4 5 6 -7 8 9 10 -11 12 13 -14 15 16 17 18 19 20 -21 -22 -23 24 25 -26 27 28 29 30 31 -32 33 -34 35 36 37 -38 39 -40 -41 -42 43 -44 45 46 47 48 49 50
uf50-0832 nnn logn infinity n 17.57197191199998 175167 -1 -2 3 -4 5 6 -7 8 9 10 -11 12 13 -14 15 16 17 18 19 20 -21 -22 23 24 25 -26 27 28 29 30 31 32 33 -34 35 36 37 -38 39 -40 -41 -42 43 44 45 46 47 48 49 50
uf50-0863 n logn infinity n 0.007382472000017515 0 -1 2 3 -4 -5 6 -7 8 9 -10 -11 -12 13 14 -15 16 -17 18 19 -20 -21 22 23 -24 25 -26 -27 -28 29 -30 -31 -32 33 -34 -35 -36 37 -38 39 40 41 42 -43 -44 -45 46 -47 -48 49 50
uf50-0863 nlogn logn infinity n 0.04046139100000801 0 -1 -2 3 -4 -5 6 7 8 9 10 11 -12 13 14 -15 -16 -17 18 19 -20 -21 22 23 24 25 -26 -27 28 29 -30 -31 32 33 -34 -35 -36 37 38 39 -40 41 42 -43 -44 -45 -46 -47 48 -49 50
uf50-0863 nn logn infinity n 0.35212411499992413 135722 1 -2 -3 -4 5 -6 7 -8 9 10 11 12 13 -14 15 -16 -17 18 19 -20 -21 -22 -23 -24 25 26 27 -28 29 30 -31 32 33 34 35 36 37 38 39 40 -41 -42 -43 44 -45 -46 47 48 -49 -50
uf50-0863 nnn logn infinity n 18.068056806999948 139335 1 -2 -3 -4 5 -6 7 -8 9 10 11 12 13 -14 15 16 -17 18 19 -20 -21 22 -23 -24 25 26 27 -28 29 30 -31 32 33 34 35 36 37 38 39 40 -41 -42 -43 44 -45 -46 47 48 -49 -50
uf50-0879 n logn infinity n 0.007725953999852209 0 -1 -2 3 -4 -5 6 -7 8 -9 -10 -11 12 13 14 15 -16 17 -18 -19 -20 -21 -22 -23 24 -25 -26 27 28 29 30 31 -32 33 34 35 -36 37 -38 39 -40 41 42 -43 44 -45 46 47 -48 -49 -50
uf50-0879 nlogn logn infinity n 0.04197234100001879 0 1 -2 -3 -4 5 6 7 8 9 -10 -11 12 -13 14 -15 -16 17 18 19 20 21 -22 -23 24 -25 -26 -27 28 29 30 -31 -32 -33 34 35 -36 37 -38 39 40 41 42 43 -44 -45 46 47 -48 49 -50
uf50-0879 nn logn infinity n 0.3648137699999552 171137 -1 2 -3 -4 5 6 -7 8 9 10 -11 12 -13 14 -15 16 17 18 19 20 21 -22 -23 24 25 26 -27 28 29 -30 31 -32 33 34 35 -36 37 -38 -39 40 41 -42 43 44 -45 46 47 48 49 50
uf50-0879 nnn logn infinity n 18.25925416899986 172942 1 2 3 -4 5 6 -7 8 9 10 -11 12 -13 14 -15 16 17 18 19 20 21 -22 -23 24 25 -26 -27 28 29 30 31 -32 33 34 35 -36 37 -38 -39 40 41 -42 43 -44 -45 46 47 48 49 50
uf50-0882 n logn infinity n 0.007451231999993979 0 1 -2 -3 4 -5 -6 7 -8 -9 10 -11 -12 -13 14 15 -16 17 18 19 20 21 22 23 24 25 26 27 28 -29 -30 -31 -32 33 34 35 -36 -37 -38 39 40 41 -42 -43 44 45 46 -47 48 -49 50
uf50-0882 nlogn logn infinity n 0.04071606599995903 0 -1 -2 -3 4 -5 -6 7 -8 9 10 11 -12 -13 14 15 -16 17 18 -19 20 21 22 23 24 25 -26 27 28 -29 30 -31 32 33 34 -35 -36 -37 38 39 -40 -41 -42 43 44 45 46 -47 48 -49 50
uf50-0882 nn logn infinity n 0.3568969009998 196038 -1 2 -3 4 -5 -6 7 -8 9 10 11 12 13 14 15 -16 17 -18 19 20 21 22 23 24 25 26 27 28 -29 30 -31 32 33 34 -35 36 37 38 39 40 -41 -42 43 44 45 -46 47 48 -49 50
uf50-0882 nnn logn infinity n 18.423276637999834 204110 -1 2 -3 4 -5 -6 7 -8 9 10 11 -12 13 14 15 -16 17 18 19 20 21 22 23 24 25 26 27 28 -29 30 -31 -32 33 34 -35 36 37 38 39 40 41 42 43 44 45 46 47 48 49 50
uf50-0897 n logn infinity n 0.008084792999852652 0 1 2 3 -4 5 6 -7 -8 9 -10 -11 12 -13 14 15 -16 17 -18 19 20 -21 -22 23 24 -25 -26 -27 28 -29 -30 -31 -32 33 34 -35 -36 37 -38 -39 -40 41 42 -43 -44 -45 -46 47 -48 49 50
uf50-0897 nlogn logn infinity n 0.04439573800004837 0 1 2 3 -4 5 6 -7 -8 9 10 -11 12 -13 -14 15 -16 17 18 19 20 21 22 23 -24 -25 26 -27 28 29 30 -31 32 33 34 -35 36 37 -38 -39 -40 41 -42 43 -44 45 46 -47 -48 -49 -50
uf50-0897 nn logn infinity n 0.39336655199986126 165210 -1 2 3 -4 5 6 -7 -8 9 -10 -11 -12 13 14 15 16 -17 18 19 20 21 -22 -23 24 -25 26 -27 28 29 30 -31 32 -33 34 -35 36 37 -38 39 40 41 42 -43 44 45 46 -47 48 49 50
uf50-0897 nnn logn infinity n 19.763190114000054 175569 -1 2 3 -4 5 6 -7 -8 9 10 -11 -12 -13 14 15 16 -17 18 19 20 21 -22 23 24 25 26 -27 28 29 30 -31 32 -33 34 -35 36 37 38 39 40 41 -42 -43 44 45 46 47 48 49 50
uf50-0920 n logn infinity n 0.008577813999863793 0 1 2 3 -4 -5 -6 -7 8 -9 10 -11 -12 13 14 15 16 17 18 -19 20 -21 22 23 24 -25 -26 27 -28 29 30 31 -32 -33 34 35 -36 -37 -38 39 40 41 -42 -43 44 -45 -46 47 -48 -49 50
uf50-0920 nlogn logn infinity n 0.046587720999923476 0 -1 -2 3 -4 5 -6 -7 8 9 10 -11 -12 13 14 -15 16 -17 -18 -19 20 21 22 23 24 25 26 27 -28 29 30 31 -32 -33 34 35 36 -37 -38 39 40 -41 42 -43 44 -45 -46 -47 48 49 50
uf50-0920 nn logn infinity n 0.3936588839999331 194746 1 2 -3 -4 5 6 -7 8 -9 -10 -11 12 13 14 -15 16 17 -18 -19 20 21 22 23 24 25 26 27 28 29 30 31 -32 -33 34 35 -36 37 38 -39 40 -41 42 43 44 -45 46 47 48 49 50
uf50-0920 nnn logn infinity n 19.017734463999886 200567 1 2 -3 4 5 -6 7 8 -9 -10 -11 12 13 14 -15 16 17 -18 -19 20 21 22 23 24 25 26 27 28 29 30 31 -32 -33 34 35 36 37 38 -39 40 -41 42 43 44 -45 46 47 48 49 50
uf50-0954 n logn infinity n 0.007131811000135713 0 -1 -2 -3 4 5 -6 -7 8 9 -10 11 -12 13 14 15 16 17 -18 19 20 21 22 -23 -24 -25 -26 27 -28 29 -30 31 -32 33 34 35 -36 37 -38 -39 40 -41 -42 -43 -44 -45 -46 47 48 -49 50
uf50-0954 nlogn logn infinity n 0.03922969700010981 0 -1 2 -3 4 -5 -6 7 8 -9 -10 11 -12 -13 14 15 16 -17 -18 -19 20 21 22 -23 24 25 -26 27 -28 29 -30 31 32 -33 34 -35 -36 -37 -38 -39 40 -41 -42 -43 44 45 -46 -47 -48 49 50
uf50-0954 nn logn infinity n 0.3476334530000713 140921 1 -2 -3 4 -5 -6 7 -8 -9 -10 11 12 -13 14 15 16 17 -18 -19 -20 -21 22 23 24 25 26 27 -28 29 30 31 32 33 -34 -35 36 -37 -38 39 -40 -41 -42 -43 44 45 46 -47 48 49 50
uf50-0954 nnn logn infinity n 19.25815436200014 159129 1 2 -3 4 -5 -6 7 8 9 10 11 -12 -13 14 15 16 17 -18 19 20 -21 22 -23 24 25 26 27 -28 29 30 31 32 33 -34 -35 36 -37 -38 39 40 -41 -42 -43 44 45 46 -47 48 -49 50
uf50-0957 n logn infinity n 0.007970143999955326 0 -1 2 3 -4 5 -6 7 -8 -9 10 11 -12 -13 -14 15 -16 17 -18 -19 20 21 22 -23 24 25 26 27 -28 29 -30 31 -32 33 -34 35 -36 37 38 -39 -40 -41 42 43 -44 45 -46 47 48 49 -50
uf50-0957 nlogn logn infinity n 0.04279124899994713 0 1 2 3 -4 5 -6 7 -8 -9 10 11 -12 -13 14 15 -16 -17 18 -19 -20 21 22 -23 24 -25 -26 -27 28 29 -30 31 -32 33 -34 35 -36 37 38 -39 -40 -41 -42 43 -44 45 -46 -47 48 49 -50
uf50-0957 nn logn infinity n 0.3706206370000018 144729 -1 -2 3 -4 5 6 7 8 -9 10 11 12 -13 -14 -15 -16 17 18 -19 -20 21 22 23 24 25 -26 27 -28 -29 -30 31 32 -33 -34 35 36 -37 38 39 -40 41 -42 43 -44 -45 -46 47 -48 49 -50
uf50-0957 nnn logn infinity n 20.46483251399991 163923 -1 -2 3 -4 5 6 7 8 -9 10 11 12 -13 -14 -15 -16 17 18 -19 20 21 22 23 24 25 -26 27 28 -29 -30 31 32 -33 -34 35 36 37 38 39 40 41 42 43 -44 45 -46 47 -48 49 50
uf50-0987 n logn infinity n 0.007442954999987705 0 -1 2 3 4 5 6 -7 8 9 10 -11 12 13 14 -15 -16 17 -18 19 20 21 -22 -23 24 -25 -26 27 -28 -29 -30 31 32 -33 -34 35 36 -37 -38 -39 -40 -41 42 43 -44 45 46 -47 48 -49 -50
uf50-0987 nlogn logn infinity n 0.040761085000212915 0 -1 2 -3 4 5 -6 -7 8 9 -10 -11 12 13 14 15 -16 17 -18 19 -20 21 -22 23 24 -25 -26 -27 -28 -29 -30 31 32 -33 -34 35 36 -37 -38 -39 40 -41 -42 43 -44 -45 46 -47 48 -49 -50
uf50-0987 nn logn infinity n 0.353343759000154 306190 -1 2 -3 4 -5 6 7 8 9 -10 -11 -12 13 -14 15 -16 17 -18 19 -20 21 22 23 24 25 26 27 -28 -29 30 31 32 -33 -34 35 36 -37 -38 -39 40 41 -42 -43 -44 45 46 47 48 49 50
uf50-0987 nnn logn infinity n 18.692975566000086 321474 -1 2 -3 4 -5 6 -7 8 9 -10 -11 -12 13 14 15 -16 17 -18 19 -20 21 -22 23 24 25 26 27 -28 29 30 31 32 -33 -34 35 36 -37 38 -39 40 -41 -42 43 -44 45 46 47 -48 49 50
